ID 	How_often	Work_Din	Aperitif	Rom_Din	Spec_Occ	Place	Reasons	Meaning	Percept	Pl_Origin	W_Brand	Price	Pack	Quality	Info_lab	Sal_rec	F_rec	Provenance	Tech_inf	D_taste	Fbsw	Brand	History	Loyalty	Unloyal	List_Adv	G_info	Fr_rec	M_C_P	M_C_I_P	Know_it	Tried_w	Why_it_w	J_I_P	IT_Vs_Am	Dryness	Sweet	Oak	Fruity	Still	Spark	Red	White	D_of_B	Today	Age	Sex	Ed_level	City	Area 	Urb_rur	Home_con	Sp_occ	Gift	Format	It_brands	Job
1	3	2	2	5	5	1	4	8	3	2	4	3	4	3	4	3	3	3	3	3	5	4	4	3	4	3	2	4	1	2	2	1	3	2	2	2	4	4	4	3	4	4	2	17/10/1989	04/06/2014	25	1	3	14	6	1	1	2	3	2	10	1
2	2	2	2	2	2	1	1	2	3	2	3	3	1	3	3	1	3	3	1	1	3	3	2	3	1	1	1	3	2	3	2	3	2	1	1	2	2	2	2	5	2	2	2	1/5/1989	04/06/2014	25	1	3	14	6	1	1	2	2	2	5	3
3	3	1	5	5	5	4	6	8	2	1	1	4	2	2	4	3	5	1	1	4	1	1	1	3	2	1	2	4	1	5	2	1	NA	3	3	1	5	2	4	4	4	4	4	3/8/1992	04/06/2014	22	1	3	14	6	1	1	2	2	3	10	3
4	2	3	3	5	5	1	4	4	2	4	4	5	3	3	2	2	4	2	4	2	3	3	3	3	3	3	4	4	1	2	2	1	2	3	2	3	3	4	5	3	5	4	5	26/4/1991	04/06/2014	23	1	4	14	6	1	1	3	3	1	7	8
5	6	4	5	5	5	1	2	2	2	2	3	3	1	5	2	3	3	4	3	4	4	3	3	2	4	3	1	2	2	2	1	1	1	1	2	4	1	4	3	5	3	5	4	11/12/1971	04/06/2014	43	1	2	33	3	2	2	2	3	1	1	3
6	3	1	5	5	5	1	1	4	2	4	4	4	2	4	2	1	4	3	2	2	2	2	2	3	3	2	2	5	1	3	2	1	1	2	2	3	2	4	2	3	2	4	2	6/11/1973	04/06/2014	41	1	4	3	3	1	2	3	3	1	1	2
7	3	5	5	5	5	1	6	2	2	5	2	2	2	5	2	3	3	5	3	2	1	1	3	1	5	2	4	3	2	1	1	1	4	1	1	3	3	5	3	5	1	5	2	24/2/1979	04/06/2014	35	1	4	3	3	1	1	2	2	1	2	1
8	6	5	5	5	5	1	1	2	2	4	1	4	1	5	5	2	2	1	4	4	2	1	3	1	5	3	1	2	1	5	2	1	2	3	3	5	1	4	4	5	3	5	3	20/11/1973	04/06/2014	41	2	3	3	3	1	2	2	3	1	6	3
9	6	5	5	5	5	1	6	8	2	5	3	3	5	5	3	3	1	5	4	4	4	4	3	2	5	1	1	1	2	3	1	1	4	1	2	4	1	3	3	5	5	5	5	15/3/1990	04/06/2014	24	2	3	76	11	1	2	3	2	1	3	3
10	3	1	4	1	5	1	6	7	2	2	2	3	1	4	1	1	3	1	5	1	1	2	1	3	1	1	1	3	3	3	2	1	5	3	3	1	5	1	3	5	1	5	5	5/5/1943	04/06/2014	71	1	3	3	3	1	1	1	1	1	6	3
11	3	3	3	5	5	1	6	4	2	3	4	4	3	4	2	4	4	1	1	3	3	4	1	3	3	4	2	4	2	1	2	1	1	2	1	3	3	4	2	5	3	4	4	4/12/1973	04/06/2014	41	2	4	3	3	1	1	2	3	1	1	7
12	6	5	5	5	5	1	1	1	2	3	3	3	1	5	1	3	5	5	4	5	1	3	1	3	2	2	1	4	1	5	1	1	2	3	2	5	1	2	3	5	5	5	3	9/11/1967	04/06/2014	47	2	2	3	3	1	2	3	2	1	1	7
13	3	1	5	5	5	2	4	4	2	5	3	4	4	5	3	4	5	5	3	4	5	3	4	2	5	5	3	4	2	1	2	1	2	2	1	1	3	5	3	4	3	2	4	8/4/1990	04/06/2014	24	1	3	3	3	1	2	3	2	2	6	3
14	6	5	5	5	5	1	1	7	2	5	4	4	4	5	4	2	3	1	1	2	4	3	3	1	5	3	4	4	1	1	1	1	1	3	2	2	2	1	2	5	4	5	4	16/1/1947	04/06/2014	67	1	3	3	3	1	2	3	3	1	1	6
15	3	1	3	5	5	2	1	3	2	4	3	4	3	4	3	2	4	4	4	4	4	3	3	2	3	3	1	4	2	1	2	1	3	3	2	5	1	5	3	3	1	5	2	29/7/1957	04/06/2014	57	1	3	3	3	1	2	3	2	2	1	3
16	3	1	5	5	5	2	1	2	2	5	4	2	3	5	5	4	5	5	4	5	4	5	5	1	5	2	4	5	2	1	1	1	1	1	1	4	4	5	5	5	3	5	4	2/7/1961	04/06/2014	53	1	3	10	3	2	2	2	3	1	2	2
17	3	5	5	5	5	1	1	2	2	3	4	4	2	4	4	3	3	3	1	4	2	3	1	1	4	3	1	3	1	3	2	1	3	3	3	5	1	4	1	5	1	5	2	27/4/1977	04/06/2014	37	2	3	3	3	2	2	3	2	1	1	7
18	6	5	5	5	5	2	2	1	2	5	4	3	2	5	3	5	5	5	5	5	5	5	5	2	5	3	3	5	1	5	1	1	4	1	2	5	2	2	4	4	4	5	4	10/4/1990	04/06/2014	24	2	3	3	3	1	2	2	3	1	1	3
19	6	5	5	5	5	1	1	2	2	5	3	3	1	5	2	4	4	3	3	5	1	2	2	1	5	4	1	5	1	5	2	1	4	1	2	2	4	2	5	3	4	3	4	1/3/1950	04/06/2014	64	2	2	3	3	1	2	3	3	1	6	7
20	3	5	3	5	5	1	4	3	2	4	2	2	2	4	3	4	4	4	2	4	5	3	3	2	3	2	3	4	2	1	1	1	1	2	1	3	2	3	4	5	1	5	1	22/3/1965	04/06/2014	49	1	4	3	3	2	3	3	3	1	1	2
21	3	4	5	5	5	1	1	1	2	5	2	3	3	5	5	3	4	4	4	4	1	2	5	2	5	3	1	1	2	1	1	1	1	1	2	2	4	5	4	4	2	5	3	4/4/1970	04/06/2014	44	1	4	3	3	1	2	2	2	1	2	2
22	6	5	5	5	5	1	1	2	2	3	4	3	2	5	3	3	4	3	2	3	3	4	4	3	4	2	2	4	3	2	1	1	3	1	2	5	1	3	2	4	2	4	3	1/1/1951	04/06/2014	63	1	3	3	3	1	3	3	3	1	1	6
23	6	1	5	5	5	1	1	2	2	5	3	3	1	5	3	1	5	5	3	2	1	1	3	3	4	2	4	5	1	1	1	1	2	1	2	1	4	4	4	1	2	5	1	2/3/1967	04/06/2014	47	1	3	3	3	1	2	3	3	1	1	1
24	6	5	5	5	5	1	1	2	2	4	4	3	3	5	3	3	4	4	3	4	4	4	3	1	5	4	2	5	3	3	1	1	3	2	2	5	1	3	2	5	2	5	4	27/9/1953	04/06/2014	61	2	3	3	3	1	2	3	3	1	1	6
25	6	1	5	5	5	1	1	2	2	3	3	3	1	5	4	2	2	5	5	3	5	2	5	3	1	2	3	2	3	4	1	1	5	1	2	5	1	4	3	5	5	5	5	4/5/1939	04/06/2014	75	2	4	3	3	1	2	3	3	1	2	6
26	6	4	4	5	5	1	1	4	2	5	3	4	3	5	3	2	4	3	5	4	4	3	3	1	3	2	2	4	3	5	1	1	3	2	2	5	2	4	3	5	NA	5	NA	2/7/1985	04/06/2014	29	2	4	3	3	2	1	2	3	1	1	3
27	6	2	2	5	5	1	1	2	3	3	4	3	2	4	2	2	2	3	3	3	2	3	4	4	3	2	1	2	3	1	1	1	1	1	2	4	2	3	3	3	5	5	5	12/11/1985	04/06/2014	29	1	3	3	3	2	2	2	3	1	6	3
28	3	5	3	5	5	1	1	2	2	4	4	3	2	4	4	3	4	4	2	4	3	4	4	1	5	4	1	5	1	1	2	1	2	2	2	4	2	3	4	2	3	5	3	1/6/1988	04/06/2014	26	1	3	3	3	1	2	3	3	1	2	2
29	3	1	2	4	5	2	2	2	2	5	3	3	1	4	3	4	4	4	2	5	4	4	2	4	2	2	3	4	2	1	2	1	1	1	1	5	2	2	2	5	1	5	5	27/12/1962	04/06/2014	51	2	3	3	3	1	1	3	2	1	2	3
30	6	3	5	5	5	1	3	2	3	2	3	3	1	4	4	2	2	3	3	4	4	3	4	2	3	2	1	2	3	1	1	1	3	3	2	5	1	3	3	5	5	5	5	21/7/1963	04/06/2014	51	2	3	3	3	1	1	3	3	1	1	1
31	3	5	5	5	5	2	1	4	2	5	2	5	2	5	5	4	5	5	2	5	5	3	1	2	5	3	3	5	2	1	1	1	5	1	1	1	2	1	3	3	4	4	1	18/7/1964	04/06/2014	50	2	3	3	3	1	2	3	3	1	1	1
32	6	4	5	5	5	1	1	2	2	4	2	4	2	4	3	4	4	4	5	3	4	2	4	2	5	3	2	4	3	1	1	1	4	1	2	4	2	3	4	4	5	5	2	13/2/1991	04/06/2014	23	2	3	3	3	1	1	2	2	1	7	3
33	3	2	5	5	5	1	3	2	2	3	4	3	2	5	3	4	4	4	4	3	3	2	4	2	3	4	3	4	3	4	2	1	4	2	2	4	1	4	2	1	4	5	5	17/8/1944	04/06/2014	70	1	3	3	3	1	1	3	2	1	1	6
34	6	1	5	5	5	1	1	2	2	2	4	3	1	5	4	1	3	2	2	4	2	2	2	3	2	3	1	2	3	4	2	1	3	3	2	4	4	1	3	5	1	2	5	4/10/1940	04/06/2014	74	2	2	3	3	1	1	2	2	1	2	6
35	6	1	5	5	5	1	3	1	2	1	1	1	1	4	1	4	1	1	3	1	1	1	1	5	1	2	1	1	1	3	2	1	5	3	2	1	5	2	2	5	1	5	1	5/5/1988	04/06/2014	26	2	3	3	3	1	1	3	3	1	6	8
36	6	5	5	5	5	1	2	1	2	3	3	4	1	4	2	2	4	2	2	2	1	3	4	4	3	2	4	4	2	2	1	1	5	3	2	3	1	1	4	4	2	5	4	28/10/1952	04/06/2014	62	1	4	3	3	1	2	3	2	1	1	6
37	6	5	5	5	5	1	3	3	2	1	1	3	1	5	3	4	5	1	1	4	4	1	1	5	1	3	1	5	2	4	2	1	5	3	2	5	3	2	2	5	5	3	5	8/1/1973	04/06/2014	41	1	3	3	3	1	1	2	2	1	6	1
38	6	5	5	5	5	1	1	2	2	3	2	3	2	4	3	4	4	4	2	4	2	2	2	2	5	4	1	5	3	1	2	1	2	3	2	4	2	3	4	5	2	5	5	1/7/1958	04/06/2014	56	2	2	24	6	1	1	2	2	2	7	3
39	6	1	5	5	5	1	1	1	2	5	3	2	2	5	5	2	2	4	5	5	3	2	4	1	5	2	4	2	2	4	1	1	2	3	2	2	1	5	5	5	NA	5	NA	18/2/1960	04/06/2014	54	1	4	3	3	1	3	2	3	2	4	6
40	3	3	5	5	5	1	1	2	2	3	1	3	3	5	3	4	4	4	2	5	4	2	2	2	5	4	1	5	3	5	1	1	4	2	2	2	2	2	3	5	5	5	5	23/11/1981	04/06/2014	33	1	3	71	3	1	2	3	3	1	1	2
41	3	5	5	5	5	2	2	4	2	3	3	3	2	4	3	4	4	3	3	4	3	4	4	3	3	4	2	4	3	1	2	1	3	2	2	4	1	4	1	5	1	5	2	26/5/1954	04/06/2014	60	1	3	19	3	1	1	1	2	1	2	2
42	6	3	5	5	5	1	1	2	2	5	3	3	1	4	2	2	5	4	2	3	1	5	1	2	4	2	3	4	2	1	1	1	1	2	1	5	1	3	3	5	5	5	5	29/7/1964	04/06/2014	50	2	4	44	5	1	2	3	3	1	1	2
43	3	1	5	4	5	1	1	2	2	3	3	4	2	4	3	3	5	3	3	4	4	3	3	2	3	3	3	5	3	1	1	1	2	1	1	1	4	3	3	4	3	5	3	4/9/1968	04/06/2014	46	2	4	3	3	1	1	3	3	1	5	3
44	3	2	5	5	5	1	1	4	2	3	4	5	2	5	4	4	5	4	4	5	3	2	1	4	2	3	2	5	3	1	1	1	3	3	1	3	3	4	2	5	2	4	3	28/1/1956	04/06/2014	58	2	4	3	3	1	1	2	2	1	6	1
45	2	1	1	1	1	4	2	4	2	2	3	4	1	4	3	2	3	1	1	3	4	3	2	3	2	3	1	2	3	1	2	1	2	3	2	5	1	5	3	5	NA	5	NA	12/4/1965	04/06/2014	49	2	3	24	6	1	1	2	3	1	1	2
46	2	4	5	5	5	1	1	2	2	3	2	3	3	4	3	4	5	3	3	4	4	3	3	2	4	4	3	5	3	4	1	1	3	2	2	5	3	3	4	5	4	5	3	13/4/1962	04/06/2014	52	1	3	60	11	2	2	3	3	1	2	3
47	6	1	4	5	4	4	2	1	2	4	4	4	3	5	2	2	4	4	1	4	4	4	3	2	4	2	1	3	2	1	1	1	1	1	1	5	1	1	4	5	4	5	5	15/11/1978	04/06/2014	36	1	4	55	6	1	2	3	3	1	1	2
48	6	2	5	5	5	1	1	3	2	4	3	3	2	5	4	3	4	4	5	4	4	3	3	2	4	3	2	4	1	3	2	1	4	2	2	4	2	5	2	2	3	5	4	11/5/1990	04/06/2014	24	1	3	9	1	1	2	3	3	1	6	3
49	2	5	5	5	5	1	1	1	3	3	5	5	1	5	3	1	4	4	5	3	3	4	2	2	4	1	3	3	3	5	2	1	5	3	2	2	5	2	5	1	2	5	5	13/11/1992	04/06/2014	22	1	3	21	8	1	1	3	3	1	6	8
50	6	3	5	5	5	2	2	3	2	1	1	4	1	4	1	2	2	1	1	5	3	5	1	1	5	1	3	2	3	1	1	1	3	1	2	5	1	5	2	5	1	5	5	7/9/1948	04/06/2014	66	2	4	3	3	1	2	3	3	1	1	1
51	6	1	5	5	5	1	2	2	2	4	3	5	3	5	4	4	5	4	4	5	5	3	4	1	5	3	3	4	3	1	1	1	1	1	1	5	1	5	4	5	5	5	5	9/3/1961	04/06/2014	53	2	4	13	5	2	1	3	2	1	1	6
52	6	3	5	5	5	1	1	2	2	4	4	4	4	5	4	4	3	5	4	4	5	4	4	3	2	3	3	4	2	3	1	1	3	2	2	5	3	5	2	5	3	5	3	1/8/1969	04/06/2014	45	1	5	63	7	1	2	3	3	1	6	1
53	6	5	5	5	5	1	1	2	2	2	2	4	1	5	3	1	4	2	2	3	1	4	3	5	1	1	3	4	3	2	1	1	3	3	2	5	1	2	3	4	2	4	5	26/4/1947	04/06/2014	67	1	3	72	1	1	1	2	3	2	2	6
54	6	2	4	5	5	2	3	2	2	4	4	4	2	5	2	3	4	4	2	4	2	3	2	1	5	2	1	3	2	1	1	1	1	2	1	5	2	4	3	5	1	5	3	2/11/1958	04/06/2014	56	1	2	3	3	1	2	3	2	1	1	2
55	6	5	5	5	5	1	1	1	2	4	3	3	1	5	3	2	4	3	3	4	4	4	2	1	5	1	1	2	3	4	1	1	5	2	2	4	2	2	4	5	5	5	5	14/10/1956	04/06/2014	58	2	4	15	2	1	1	2	2	1	1	1
56	6	1	5	5	5	1	3	1	2	5	2	3	1	5	1	3	5	5	1	1	2	1	3	3	3	3	1	2	3	1	1	1	1	2	1	3	1	5	2	5	1	5	2	10/12/1957	04/06/2014	57	2	3	2	2	1	1	3	3	1	2	2
57	6	5	5	5	5	1	1	4	2	1	4	5	1	4	2	1	2	3	2	4	2	4	4	5	1	2	4	3	1	2	2	1	1	2	2	4	1	4	3	5	1	4	4	5/5/1970	04/06/2014	44	2	4	32	3	1	1	3	2	1	2	2
58	2	2	2	3	4	2	4	2	2	5	1	2	1	5	5	3	1	1	1	4	2	1	1	5	1	1	1	1	3	4	2	1	3	1	2	3	5	5	1	1	1	3	4	30/3/1955	04/06/2014	59	1	3	54	2	1	1	1	2	1	6	6
59	6	3	5	5	5	2	1	2	2	1	5	4	1	5	1	1	5	1	1	5	1	5	2	5	1	5	1	5	1	3	1	1	1	1	2	4	1	5	3	5	3	3	5	2/7/1977	04/06/2014	37	2	4	16	6	1	1	3	3	1	3	2
60	6	5	5	5	5	1	1	2	2	3	4	4	3	4	2	1	1	3	3	4	2	3	2	3	5	1	1	1	3	1	1	1	1	3	2	1	3	5	2	5	1	5	1	16/10/1977	04/06/2014	37	1	3	61	9	1	2	3	3	1	1	3
61	6	3	5	5	5	2	1	2	2	3	3	3	3	5	2	3	4	3	3	3	4	4	5	1	5	4	3	5	2	2	1	1	3	1	2	5	1	4	1	5	2	5	2	7/3/1968	04/06/2014	46	1	3	14	6	1	2	3	3	1	2	2
62	3	5	4	5	5	2	4	2	2	2	1	3	1	4	2	3	4	2	2	3	3	2	2	4	2	3	3	4	3	1	1	1	4	2	1	2	2	1	3	4	1	5	1	9/8/1980	04/06/2014	34	1	3	46	6	1	2	3	3	1	2	2
63	6	5	5	5	5	1	1	2	2	3	5	3	1	5	3	4	4	2	2	4	3	4	1	3	2	3	1	5	1	2	2	1	2	3	2	5	1	5	1	5	5	4	5	15/11/1976	04/06/2014	38	2	3	3	3	1	2	3	3	1	1	1
64	3	3	4	4	5	4	4	4	2	2	1	3	4	4	2	3	4	2	3	2	2	2	2	2	5	4	2	4	2	4	2	1	2	3	1	3	2	4	4	4	1	5	4	24/1/1972	04/06/2014	42	1	3	3	3	1	1	3	3	1	6	2
65	6	5	5	5	5	1	1	2	2	4	4	5	2	4	2	4	4	4	3	3	3	4	3	3	4	4	2	4	3	3	1	1	5	3	3	4	2	4	3	5	4	5	3	9/12/1964	04/06/2014	50	1	3	47	10	1	1	3	3	1	1	2
66	2	2	1	2	5	4	6	8	3	1	1	5	2	1	1	1	1	1	1	1	1	4	1	3	5	1	1	4	1	3	2	1	5	3	2	3	1	5	1	3	3	1	3	19/1/1991	04/06/2014	23	1	3	57	6	1	1	1	1	2	6	8
67	2	3	5	5	5	4	1	2	2	1	3	5	4	4	1	3	4	1	1	1	4	4	3	3	2	3	1	4	3	2	1	1	5	3	2	3	4	3	3	4	3	4	5	5/3/1991	04/06/2014	23	2	4	77	6	1	1	3	3	1	6	3
68	6	5	5	5	5	1	1	2	2	3	3	4	2	5	4	3	4	4	3	4	3	4	4	4	4	3	2	4	1	1	1	1	4	2	2	5	1	4	3	5	3	5	3	17/1/1950	04/06/2014	64	1	3	14	6	1	1	3	3	1	1	6
69	6	5	5	5	5	1	1	2	2	5	3	3	2	5	5	4	5	4	4	5	4	3	5	1	5	3	2	5	3	4	1	1	3	1	2	4	1	3	4	5	4	5	2	18/3/1956	04/06/2014	58	2	4	45	2	1	2	3	3	1	2	6
70	6	5	5	5	5	1	3	2	2	3	3	4	1	5	2	1	2	2	3	5	2	2	2	1	3	1	2	2	3	2	1	1	2	3	2	4	1	1	4	5	3	5	3	17/10/1953	04/06/2014	61	2	4	3	3	1	3	3	3	1	1	1
71	1	5	2	5	5	2	6	4	2	1	1	3	4	3	1	5	5	1	1	3	5	2	1	2	2	1	1	1	1	5	1	1	2	2	2	4	2	5	2	3	2	5	3	15/8/1982	04/06/2014	32	1	3	49	2	2	1	3	3	1	6	1
72	2	4	4	4	4	2	1	2	2	2	2	4	2	4	2	5	4	2	2	3	3	3	3	5	5	3	2	4	3	5	1	1	2	3	2	3	3	3	3	5	3	5	5	25/5/1958	04/06/2014	56	1	3	41	1	1	1	2	2	1	6	1
73	3	5	5	5	5	2	1	2	2	2	2	3	4	3	2	5	3	2	2	2	3	3	2	2	4	5	1	5	3	2	2	1	4	3	1	3	3	1	2	3	2	3	2	25/4/1990	04/06/2014	24	2	3	54	2	2	3	3	3	1	5	3
74	6	1	5	5	5	2	1	4	2	5	5	3	4	5	2	3	5	2	1	1	1	5	3	4	1	1	5	4	1	4	2	1	5	3	2	2	4	4	5	5	5	5	5	1/3/1956	04/06/2014	58	1	4	41	1	1	3	3	3	1	6	3
75	6	5	4	4	5	1	1	2	2	2	1	4	1	5	3	4	4	4	4	4	3	1	2	1	5	3	2	5	3	1	1	1	1	3	2	5	2	5	4	5	5	5	5	5/10/1975	04/06/2014	39	2	3	50	4	1	2	3	3	1	3	3
76	3	5	5	5	5	1	1	3	2	5	4	4	4	5	5	5	5	5	5	5	5	5	5	4	3	4	5	5	2	1	1	1	1	1	1	1	2	2	3	5	5	5	5	5/10/1942	04/06/2014	72	2	3	3	3	1	1	2	3	1	1	6
77	6	5	5	5	5	1	1	2	2	2	4	5	1	4	1	4	4	2	1	4	4	4	1	1	5	4	1	5	3	3	1	1	2	3	2	4	2	4	4	5	5	5	5	17/12/1971	04/06/2014	42	2	3	71	3	1	1	2	3	2	6	3
78	6	2	5	5	5	1	1	2	2	3	4	3	1	4	4	4	4	4	2	4	2	2	2	4	2	4	1	4	3	2	1	1	1	2	1	4	3	3	2	4	2	4	4	18/5/1973	04/06/2014	41	2	3	19	3	1	2	2	3	3	1	7
79	3	2	5	5	5	2	1	2	2	2	2	3	2	4	3	3	3	2	1	3	4	3	2	2	3	2	4	4	3	1	1	1	5	3	1	1	5	2	3	4	4	1	5	3/3/1957	04/06/2014	57	2	4	22	7	1	1	3	3	1	6	2
80	3	1	5	5	5	1	1	2	2	3	1	5	1	5	3	3	4	3	3	3	2	2	2	1	5	3	1	4	3	1	1	2	2	3	2	5	1	5	1	5	1	5	1	13/3/1957	04/06/2014	57	2	3	32	3	1	2	2	2	1	6	1
81	6	5	5	5	5	2	3	2	2	1	1	3	1	5	4	5	5	2	1	5	4	4	5	1	5	3	1	1	3	1	1	1	5	3	1	1	5	2	5	5	5	5	5	8/7/1974	04/06/2014	40	2	3	16	6	1	2	2	2	1	1	7
82	6	5	5	5	5	1	1	1	2	3	1	4	3	5	4	3	5	2	2	5	5	1	3	3	3	1	5	5	3	1	1	1	5	2	2	4	2	3	4	5	1	5	1	22/8/1963	04/06/2014	51	1	3	5	2	1	1	3	3	1	6	2
83	6	1	5	5	5	2	1	1	2	3	3	3	1	5	4	4	3	3	5	4	4	3	2	1	5	4	2	1	3	5	1	1	2	3	2	2	2	3	3	4	4	4	4	9/7/1964	04/06/2014	50	1	3	25	3	1	2	3	2	1	4	3
84	3	5	5	5	5	1	1	2	2	5	5	5	4	5	2	2	2	4	4	4	5	5	5	2	4	1	3	2	3	1	1	1	1	1	1	5	1	2	3	4	4	5	1	21/7/1984	04/06/2014	30	2	3	67	5	1	2	3	3	1	1	3
85	6	5	1	5	5	1	1	2	2	5	5	2	2	5	1	1	5	5	5	5	2	5	2	4	2	4	1	5	1	2	1	1	3	2	2	2	1	5	1	5	2	3	5	27/3/1958	04/06/2014	56	2	3	14	6	1	3	3	3	1	1	1
86	3	5	5	5	5	1	1	4	2	3	1	4	2	5	2	1	4	1	4	1	4	4	4	3	4	1	3	4	1	1	1	1	2	3	2	2	2	4	4	5	3	5	5	16/11/1978	04/06/2014	36	1	3	3	3	1	2	3	3	1	1	1
87	3	5	5	5	5	1	1	2	2	3	2	4	2	4	2	3	4	2	1	4	4	1	2	2	4	2	2	2	3	1	1	1	1	3	2	2	2	2	4	5	3	2	4	5/8/1962	04/06/2014	52	2	3	85	4	1	2	2	2	1	1	1
88	6	3	5	5	5	1	1	2	2	5	2	4	2	5	2	2	5	5	1	5	4	1	1	5	1	5	1	5	1	5	1	1	2	2	2	3	1	3	5	5	5	5	5	21/4/1975	04/06/2014	39	2	3	41	1	1	2	3	3	1	1	3
89	6	5	5	5	5	2	1	2	2	4	1	1	3	5	1	5	4	4	1	5	5	4	4	2	4	2	2	4	1	1	1	1	1	1	1	2	1	3	3	5	5	5	5	1/11/1985	04/06/2014	29	2	3	19	3	1	3	3	3	1	1	7
90	3	5	5	5	5	1	1	2	2	5	4	2	2	5	2	1	5	5	5	2	2	5	4	5	1	1	4	4	3	2	1	1	5	1	2	5	1	5	3	5	2	5	4	14/4/1968	04/06/2014	46	1	3	84	4	1	3	3	3	1	1	1
91	3	5	5	5	5	1	1	1	2	3	3	4	1	4	4	3	5	3	3	3	2	3	4	1	5	3	5	5	3	2	1	1	2	2	1	3	4	4	4	5	3	5	3	21/3/1960	04/06/2014	54	1	3	19	3	1	2	3	3	1	2	6
92	3	3	3	3	3	1	1	4	2	2	4	4	3	4	2	3	3	4	1	4	4	4	3	4	1	2	1	4	1	2	1	1	3	3	2	5	1	5	2	5	5	5	5	30/1/1958	04/06/2014	56	1	4	71	3	1	2	3	2	1	2	6
93	3	4	4	4	4	1	1	1	2	3	3	3	3	3	3	5	5	3	3	4	4	4	3	1	5	4	2	5	3	1	1	1	1	1	1	2	1	3	1	5	1	5	4	23/5/1993	04/06/2014	21	2	3	29	6	1	2	3	3	1	6	8
94	3	5	2	5	5	4	1	2	2	1	1	5	1	5	1	3	5	1	2	5	5	1	5	1	5	5	2	2	3	2	1	1	2	1	1	1	5	1	5	5	NA	5	NA	16/11/1991	04/06/2014	23	1	3	3	3	1	1	3	3	2	6	3
95	3	5	5	5	5	1	1	4	2	3	1	4	2	5	2	1	4	1	4	1	4	4	4	3	4	1	3	4	1	1	1	1	2	3	2	2	2	4	4	5	3	5	5	11/12/1978	04/06/2014	36	1	3	3	3	1	2	3	3	1	1	1
96	2	5	5	5	5	3	6	2	2	1	4	4	1	5	4	2	5	1	4	4	4	1	1	1	1	1	1	5	3	5	2	10	5	3	2	1	5	2	5	2	5	2	5	27/4/1959	04/06/2014	55	2	2	32	3	1	1	1	2	2	6	3
97	3	2	4	4	5	2	4	4	2	4	2	3	1	3	4	4	5	3	4	5	4	1	3	3	2	5	3	5	2	2	2	1	3	1	1	2	3	3	4	4	2	4	3	20/12/1985	04/06/2014	28	1	3	3	3	1	2	3	3	1	6	3
98	3	1	5	5	5	1	1	2	2	1	1	3	2	4	4	3	4	1	4	4	1	1	1	2	4	2	1	5	3	1	1	2	1	1	1	3	4	2	3	5	5	5	4	31/8/1992	04/06/2014	22	2	3	3	3	1	1	1	1	1	6	3
99	6	5	5	5	5	1	1	2	2	4	2	3	2	4	2	3	3	1	1	2	1	3	1	2	5	2	2	3	2	5	2	1	2	3	2	1	1	2	5	5	5	5	5	25/08/1925	04/06/2014	89	2	2	32	3	1	1	3	3	1	4	6
100	6	5	4	5	5	4	1	2	2	4	4	5	3	3	3	5	5	4	3	4	5	4	5	2	4	4	1	5	2	5	1	1	2	2	1	5	2	3	3	5	3	5	2	14/3/1951	04/06/2014	63	2	4	61	9	1	1	2	3	1	6	1
101	6	5	5	5	5	1	6	2	2	5	4	3	3	4	4	4	4	2	2	5	4	4	3	3	4	4	4	3	3	4	1	2	4	1	2	3	1	5	4	5	2	5	3	25/6/1969	04/06/2014	45	2	3	4	4	1	2	3	3	1	1	7
102	6	5	5	5	5	1	1	2	2	1	3	4	3	4	1	4	4	2	1	3	3	3	2	3	3	2	1	5	3	3	1	1	2	3	1	2	2	3	3	5	1	5	3	14/12/1976	04/06/2014	37	2	3	3	3	1	1	3	3	3	1	3
103	3	2	5	5	5	1	1	1	2	5	3	3	4	4	3	4	4	3	2	4	4	3	3	1	5	3	2	3	3	1	1	1	3	2	2	5	1	3	2	5	4	5	5	24/12/1960	04/06/2014	53	2	3	56	6	1	2	3	3	1	2	2
104	6	2	4	1	1	1	1	1	2	4	3	4	3	4	2	3	4	4	2	5	3	3	3	1	4	3	2	4	3	5	1	1	3	1	1	4	2	3	4	3	2	5	4	11/8/1954	04/06/2014	60	2	4	84	4	1	1	2	2	1	1	2
105	3	5	5	5	5	1	1	2	2	3	3	5	1	5	4	4	4	3	3	4	4	3	4	4	4	3	2	4	3	2	2	1	3	2	1	5	1	1	1	5	3	5	4	10/1/1952	04/06/2014	62	1	4	54	2	1	1	2	2	1	6	1
106	3	3	4	5	5	1	4	2	2	3	3	2	2	5	5	4	4	4	4	5	3	3	3	4	3	3	2	5	3	3	1	1	3	2	1	2	2	3	3	3	4	4	2	14/8/1956	04/06/2014	58	1	4	55	6	1	2	2	2	1	1	2
107	6	5	5	5	5	1	1	2	2	4	4	3	3	5	3	4	4	3	3	3	3	4	3	1	3	3	3	4	1	4	1	1	2	3	2	4	1	4	3	2	2	4	5	15/3/1958	04/06/2014	56	2	3	3	3	2	1	3	3	2	5	3
108	3	3	5	5	5	1	6	2	2	2	2	4	2	5	4	4	4	2	1	2	5	3	5	2	5	3	2	5	3	5	1	1	1	3	2	3	1	1	5	5	5	5	5	11/10/1963	04/06/2014	51	2	3	3	3	1	1	3	3	1	2	3
109	6	4	5	5	5	1	1	2	2	4	2	3	1	3	1	1	2	4	3	3	3	3	3	2	4	2	2	2	2	2	1	1	2	1	1	3	1	1	2	5	3	3	5	25/11/1966	04/06/2014	48	2	4	55	6	1	2	3	3	1	1	1
110	6	3	5	5	5	1	1	2	2	4	3	3	3	4	4	3	5	3	4	2	3	4	3	4	2	2	1	4	1	1	1	1	3	2	1	4	1	4	2	5	2	5	3	25/9/1973	04/06/2014	41	1	3	22	7	1	1	3	3	1	2	3
111	6	5	5	5	5	1	1	2	2	4	3	3	3	5	2	3	4	4	3	5	3	5	5	1	5	3	4	3	1	1	1	1	1	3	2	4	1	3	5	5	2	5	4	7/9/1973	04/06/2014	41	2	3	42	8	1	3	3	3	1	1	1
112	3	2	5	5	5	1	1	2	2	4	2	4	3	5	5	4	4	3	3	4	4	2	5	1	3	4	4	2	3	5	1	1	5	1	2	3	4	1	4	5	3	5	3	15/8/1985	04/06/2014	29	2	3	10	3	2	1	2	3	1	1	8
113	6	1	5	5	5	1	1	2	2	4	4	3	3	4	3	3	3	4	2	3	3	3	3	3	3	2	2	2	3	1	1	1	1	1	1	4	2	4	3	5	3	5	4	23/4/1954	04/06/2014	60	1	3	34	9	1	1	2	2	1	1	3
114	3	5	5	5	5	4	4	4	2	1	1	5	1	3	1	4	3	1	1	1	1	1	1	5	5	4	5	5	3	5	2	1	2	1	1	5	3	4	2	4	4	4	4	11/9/1981	04/06/2014	33	1	2	19	3	1	1	1	1	1	2	3
115	6	5	5	5	5	1	1	2	2	4	3	4	4	4	3	4	4	4	3	4	3	3	3	1	5	4	1	3	1	1	1	1	3	1	2	5	3	1	2	4	5	3	5	22/2/1962	04/06/2014	52	2	2	43	2	1	1	2	3	1	1	3
116	6	5	5	5	5	1	1	2	2	2	1	5	1	4	1	1	3	4	1	2	3	2	2	2	3	1	2	4	3	2	2	1	2	3	1	2	3	3	3	2	3	4	5	12/4/1974	04/06/2014	40	2	3	79	5	1	1	2	3	1	1	7
117	3	5	5	5	5	1	3	2	2	2	2	5	2	3	2	4	4	2	4	5	5	4	2	3	5	5	2	5	3	5	2	1	1	3	1	2	5	2	5	5	2	5	3	20/3/1986	04/06/2014	28	1	3	19	3	1	2	3	3	1	5	4
118	6	5	5	5	5	2	1	2	2	4	3	5	4	4	2	4	4	4	1	3	4	2	2	1	5	5	1	5	3	1	1	1	1	3	2	5	1	1	3	5	5	5	5	20/4/1961	04/06/2014	53	2	4	3	3	1	1	3	2	1	1	1
119	6	3	5	5	5	1	1	2	2	4	2	4	1	5	5	5	4	3	5	5	5	2	5	1	5	4	1	5	3	5	1	1	3	2	1	2	3	2	5	5	5	5	3	22/1/1987	04/06/2014	27	2	3	3	3	1	1	2	1	1	1	3
120	3	5	3	5	5	1	1	2	2	4	4	5	3	5	3	5	5	4	3	4	4	3	3	1	5	5	1	5	1	3	2	1	5	3	1	4	1	4	4	5	3	5	3	5/4/1963	04/06/2014	51	1	4	19	3	1	1	3	2	1	2	2
121	6	2	5	5	5	2	1	4	2	4	4	4	4	5	4	3	3	4	4	3	3	4	4	1	5	4	3	4	3	1	1	1	1	1	2	4	1	3	4	5	5	5	2	10/6/1968	04/06/2014	46	2	3	38	3	1	1	3	3	1	2	1
122	3	2	3	4	5	4	2	2	2	3	1	3	1	4	5	4	1	4	5	5	5	5	5	1	5	3	5	1	3	1	1	1	1	2	2	3	3	2	2	4	3	3	3	18/7/1955	04/06/2014	59	1	4	3	3	1	2	2	2	1	1	3
123	3	2	2	4	5	1	1	2	2	5	3	5	2	3	4	3	4	5	4	3	3	4	4	4	2	3	2	4	3	2	1	1	2	3	2	3	3	5	5	5	1	5	5	22/11/1950	04/06/2014	64	2	4	32	3	1	1	2	2	1	6	1
124	3	1	5	5	5	1	1	2	2	5	1	4	3	5	2	3	5	4	4	4	3	1	1	3	3	3	1	5	3	4	1	1	1	1	2	1	3	2	3	5	5	5	3	4/11/1976	04/06/2014	38	2	3	19	3	1	1	2	2	1	6	1
125	6	3	5	5	5	1	1	2	2	2	1	4	1	5	3	3	4	2	3	3	3	2	1	3	3	3	2	5	1	5	1	1	2	3	2	1	1	4	3	4	4	3	5	24/7/1978	04/06/2014	36	2	5	14	6	1	1	3	3	1	1	3
126	6	3	5	5	5	1	1	1	2	3	1	5	4	5	1	1	5	4	1	5	5	2	3	1	5	2	1	4	3	1	1	1	2	1	2	1	1	4	2	4	3	5	3	6/2/1967	04/06/2014	47	2	3	14	6	1	2	3	3	1	1	2
127	6	5	4	5	5	1	1	2	2	3	4	3	2	5	3	3	3	3	2	4	4	3	4	4	4	3	3	2	3	1	1	1	3	1	2	2	4	2	2	2	5	2	4	8/10/1949	04/06/2014	65	2	3	52	3	2	1	2	2	2	4	6
128	3	3	3	5	5	2	2	1	2	4	4	3	1	5	1	4	4	4	4	2	5	4	4	3	3	3	4	5	1	4	1	1	2	1	2	5	1	2	2	5	3	5	4	13/5/1966	04/06/2014	48	1	5	44	5	2	2	3	3	1	1	2
129	3	1	3	5	5	2	1	2	2	3	1	3	4	5	2	1	3	3	3	5	4	1	5	4	2	3	5	4	3	4	1	1	2	1	2	4	4	1	4	5	5	5	5	23/5/1990	04/06/2014	24	2	3	26	3	1	1	3	3	1	2	8
130	6	5	5	5	5	1	1	2	2	4	3	3	1	5	1	3	3	4	2	4	4	3	3	4	2	3	1	3	2	1	1	1	1	1	1	4	3	4	2	5	1	5	2	23/5/1966	04/06/2014	48	1	4	6	5	1	2	3	3	1	1	2
131	3	5	5	5	5	2	6	3	2	1	1	4	4	4	4	4	4	1	1	5	5	1	1	5	4	5	1	4	3	5	1	1	1	1	1	2	1	4	4	5	3	5	5	2/5/1980	04/06/2014	34	1	3	59	1	1	1	2	2	1	1	1
132	3	4	5	5	5	1	1	2	2	1	4	4	1	3	2	4	5	1	1	5	3	5	1	4	2	4	4	5	3	5	1	1	2	3	1	3	5	2	5	5	5	5	5	1/1/1985	04/06/2014	29	2	3	3	3	1	1	3	3	1	6	1
133	6	5	2	3	2	1	1	2	2	5	5	3	5	4	4	3	3	4	4	4	3	4	3	2	4	3	5	3	3	5	1	1	3	1	2	5	1	2	3	5	2	5	5	4/1/1962	04/06/2014	52	2	4	3	3	1	3	3	3	2	1	3
134	6	5	5	5	5	1	1	2	2	3	3	4	1	5	2	4	4	4	2	5	1	3	3	3	3	5	1	5	3	3	1	1	5	2	2	5	2	1	2	5	3	5	5	26/8/1960	04/06/2014	54	2	3	19	3	1	1	3	2	1	2	1
135	6	5	3	5	5	1	1	1	2	1	1	3	1	5	1	4	4	3	4	4	1	1	3	2	4	5	3	5	3	1	1	1	1	2	2	4	1	2	3	4	4	5	3	3/6/1958	04/06/2014	56	1	3	3	3	1	2	3	3	1	1	1
136	6	3	5	5	5	1	1	2	2	3	2	4	1	5	3	4	4	3	3	4	4	4	3	3	3	3	2	5	3	5	1	1	2	2	2	5	1	4	2	5	3	5	3	2/5/1960	04/06/2014	54	1	4	3	3	1	1	2	2	1	1	1
137	3	5	5	5	5	2	1	1	2	2	1	2	1	5	3	1	4	3	4	3	3	1	3	2	4	3	3	3	3	4	1	1	3	1	2	2	4	3	2	5	2	5	2	1/6/1974	04/06/2014	40	1	4	71	3	1	2	3	3	1	2	3
138	6	5	5	5	5	1	1	2	2	5	3	4	3	5	5	3	4	4	4	3	3	5	1	2	4	4	5	5	3	1	1	1	3	3	2	5	2	5	2	5	2	5	3	16/10/1980	04/06/2014	34	1	4	32	3	1	2	3	3	1	2	2
139	3	2	3	4	5	2	1	2	2	3	4	5	2	5	4	3	4	4	4	3	3	3	4	3	3	3	4	4	1	2	2	1	2	2	2	5	2	3	2	5	3	5	3	18/3/1978	04/06/2014	36	1	3	63	7	1	2	2	2	1	6	1
140	6	2	5	5	5	1	1	1	2	3	3	4	5	5	4	4	4	2	2	5	5	4	4	3	3	4	1	4	2	1	1	1	4	2	1	5	1	1	3	5	5	4	4	19/5/1964	04/06/2014	50	2	5	71	3	1	1	3	3	1	1	1
141	6	3	5	5	5	1	1	2	2	3	4	4	1	5	4	4	4	5	2	5	5	5	2	2	4	4	1	2	3	1	1	1	2	2	2	5	1	5	4	5	5	5	3	21/6/1949	04/06/2014	65	2	3	20	8	1	1	2	3	1	6	6
142	3	2	3	5	5	1	1	1	2	5	5	5	1	5	5	5	2	2	5	5	1	2	1	4	2	4	2	2	3	1	1	1	2	1	1	5	3	5	3	4	5	2	5	6/1/1946	04/06/2014	68	2	3	3	3	1	3	3	3	1	6	3
143	3	2	4	5	5	2	1	2	2	3	4	2	2	5	3	3	3	3	2	4	3	4	2	2	4	3	1	4	3	2	1	1	1	3	2	5	1	1	1	5	5	5	5	7/10/1965	04/06/2014	49	2	4	71	3	1	2	3	3	1	1	2
144	6	1	2	4	5	1	1	7	3	2	2	3	1	5	5	2	1	2	5	2	5	2	2	1	5	1	1	1	2	3	2	2	5	3	1	1	5	5	2	5	2	5	2	2/2/1946	04/06/2014	68	2	3	32	3	1	1	1	1	2	6	6
145	2	1	2	5	5	4	1	2	2	1	2	3	1	5	5	1	5	5	5	5	5	2	5	3	3	1	1	5	3	1	1	1	1	1	1	5	5	5	5	5	1	5	5	16/7/1969	04/06/2014	45	1	4	19	3	1	3	3	3	1	1	1
146	6	5	5	5	5	2	1	1	2	4	1	3	5	4	1	3	4	4	3	3	2	2	3	4	2	3	3	4	2	5	1	1	2	3	1	3	2	1	2	5	5	5	2	4/7/1943	04/06/2014	71	2	3	32	3	1	1	2	3	1	2	6
147	3	2	3	5	5	2	1	3	2	1	1	4	1	1	1	5	5	1	1	4	1	1	1	4	2	4	2	4	1	1	1	1	2	2	1	5	1	2	1	5	1	5	3	24/5/1973	04/06/2014	41	2	3	40	9	1	2	3	3	1	1	7
148	6	5	5	5	5	1	1	1	2	5	3	4	2	5	3	4	4	5	5	4	3	4	2	3	3	4	1	4	2	1	1	1	1	1	1	4	1	2	1	5	5	5	5	21/1/1963	04/06/2014	51	2	3	71	3	1	1	3	2	1	1	3
149	2	4	5	5	5	1	1	1	2	3	3	4	3	5	5	5	5	3	2	4	4	4	2	3	4	4	4	4	2	1	1	1	1	1	1	3	3	4	4	4	3	5	4	15/12/1957	04/06/2014	57	2	3	3	3	2	2	3	2	2	1	1
150	1	4	3	3	3	4	1	2	1	1	2	4	3	4	3	3	3	1	3	3	3	2	3	4	3	5	5	5	1	1	1	4	1	2	1	2	4	3	3	4	3	4	3	16/9/1994	04/06/2014	20	1	2	3	3	1	2	3	3	1	3	8
151	2	2	5	5	5	4	1	2	2	2	2	5	1	3	3	4	4	1	1	5	5	3	3	3	4	3	1	3	1	1	2	1	2	1	2	2	4	2	2	1	4	5	1	11/2/1975	04/06/2014	39	2	2	30	6	1	1	2	2	1	1	3
152	3	5	5	5	5	1	1	2	2	2	4	4	3	4	3	1	3	2	2	2	3	4	2	3	3	1	3	2	1	5	1	1	2	1	1	4	3	1	4	2	1	3	4	19/5/1948	04/06/2014	66	1	3	30	6	2	1	1	2	1	6	1
153	1	1	2	4	4	1	1	2	2	3	4	4	1	4	1	1	4	4	1	3	3	4	1	2	4	5	1	5	2	1	1	1	1	2	1	2	4	3	3	2	4	5	3	1/12/1993	04/06/2014	21	1	3	59	1	1	1	3	3	1	6	8
154	1	3	2	5	5	1	3	4	1	3	3	3	3	3	3	3	5	3	3	4	4	2	4	2	2	3	5	5	3	2	2	3	5	2	2	2	3	4	2	4	4	4	4	8/7/1993	04/06/2014	21	2	2	32	3	1	1	2	2	1	6	8
155	2	1	3	5	5	4	1	2	1	3	4	5	2	4	3	3	4	3	3	3	3	4	2	2	4	4	2	5	2	2	2	1	2	3	1	1	4	3	4	3	2	4	3	3/11/1995	04/06/2014	19	2	3	3	3	1	2	2	2	2	1	8
156	1	3	2	5	5	2	4	3	2	1	1	4	4	4	2	5	5	1	1	1	4	1	1	3	4	3	2	5	3	1	2	1	5	3	2	4	4	5	3	4	2	5	5	11/11/1987	04/06/2014	27	1	3	14	6	1	1	3	3	1	4	3
157	3	1	1	3	5	4	1	2	1	1	1	4	1	4	5	5	5	1	1	3	1	5	1	2	3	1	1	5	1	5	2	15	2	3	2	1	5	5	5	5	5	5	5	NA	04/06/2014	NA	1	5	32	3	1	1	2	2	1	6	8
158	2	1	2	5	5	1	4	5	3	2	4	2	3	5	1	4	4	3	1	3	4	4	2	3	3	1	4	5	3	5	1	1	5	3	2	4	3	4	4	5	2	5	5	24/5/1978	04/06/2014	36	1	3	48	10	1	2	3	2	2	3	3
159	6	1	5	5	5	1	1	2	2	3	2	4	1	5	1	2	3	3	1	1	1	3	1	3	3	5	1	3	3	4	1	1	5	3	2	4	2	5	3	5	2	5	3	1/3/1957	04/06/2014	57	1	3	3	3	1	1	2	3	2	6	1
160	6	5	5	5	5	1	1	5	2	1	5	5	1	5	2	1	3	1	1	1	1	3	1	3	3	1	1	3	1	3	1	2	5	3	2	5	1	3	3	5	1	5	1	8/11/1949	04/06/2014	65	1	3	39	4	1	1	3	3	1	2	2
161	6	5	3	5	5	1	1	2	2	3	3	2	1	5	4	3	4	3	2	2	2	2	2	5	1	5	5	1	3	1	1	1	1	1	1	5	2	4	2	5	3	5	3	16/9/1965	04/06/2014	49	1	3	19	3	1	2	3	2	1	2	1
162	2	2	4	4	4	4	1	4	2	3	3	4	3	5	3	4	4	4	4	5	3	2	2	2	3	3	4	4	3	5	1	1	2	1	1	3	2	3	3	4	4	3	3	12/12/1988	04/06/2014	25	2	3	3	3	1	2	3	2	1	1	3
163	3	1	2	5	5	2	1	2	2	3	3	4	2	4	1	1	1	3	1	3	1	3	3	3	3	1	1	1	3	4	1	2	1	1	1	1	3	2	3	5	2	5	1	6/6/1939	04/06/2014	75	1	3	54	2	1	1	2	2	1	1	6
164	6	5	5	5	5	1	1	2	2	2	3	4	2	5	4	4	5	3	3	3	5	3	4	3	4	3	4	5	3	1	1	1	3	2	2	2	4	2	5	3	5	4	5	27/10/1950	04/06/2014	64	1	3	3	3	1	1	3	3	1	1	6
165	3	5	5	5	5	1	1	1	2	4	4	3	3	5	3	3	5	5	4	4	3	4	5	3	3	4	4	5	2	1	1	5	3	1	1	4	2	4	2	5	4	4	4	2/11/1975	04/06/2014	39	2	3	19	3	1	2	3	3	1	1	1
166	4	5	5	5	5	1	1	2	2	5	5	3	1	5	4	5	5	5	2	5	5	3	2	3	3	4	5	5	3	2	1	1	2	2	3	5	1	1	1	5	1	5	1	7/5/1945	04/06/2014	69	1	4	3	3	1	1	2	2	1	1	6
167	5	5	5	5	5	1	1	1	2	5	5	5	1	5	2	1	1	4	3	1	5	2	1	3	3	2	3	1	3	2	1	1	5	3	2	1	2	5	2	3	5	5	4	17/4/1966	04/06/2014	48	2	4	12	2	1	1	3	3	1	1	1
168	4	2	5	5	5	1	1	2	2	5	5	5	1	5	5	5	5	4	1	5	5	5	3	3	3	4	1	5	3	1	1	1	5	1	1	1	3	3	4	5	2	5	5	21/12/1959	04/06/2014	54	2	3	3	3	1	1	2	2	1	2	3
169	5	5	5	5	5	1	1	8	2	5	4	3	2	5	3	3	4	5	5	3	2	4	4	3	2	2	4	4	2	1	1	1	1	2	1	5	1	2	3	5	5	5	5	4/10/1966	04/06/2014	48	1	5	3	3	1	2	3	3	1	2	1
170	3	1	2	2	2	2	1	1	2	5	2	3	3	5	5	2	2	3	5	3	5	2	5	3	1	1	2	2	3	5	1	1	1	1	1	4	1	4	4	4	5	5	3	11/5/2061	04/06/2014	NA	1	3	3	3	1	3	3	1	1	1	1
171	4	5	5	5	5	1	7	1	2	4	5	5	4	5	4	3	5	5	5	5	4	5	5	1	4	3	3	4	3	2	1	1	3	1	2	5	1	1	4	5	5	5	5	19/9/1952	04/06/2014	62	2	4	3	3	1	1	3	2	1	9	1
172	4	4	3	5	5	1	1	2	2	5	5	5	4	5	5	3	5	5	4	3	4	4	4	2	4	3	3	4	2	1	1	1	1	1	1	4	4	4	4	4	4	5	4	NA	04/06/2014	NA	1	4	82	1	1	1	3	2	1	6	3
173	4	1	5	5	5	1	1	1	2	4	2	4	3	4	3	2	4	3	2	4	4	3	4	3	2	2	2	3	3	1	2	1	3	1	2	5	1	4	2	4	3	5	3	25/10/1988	04/06/2014	26	2	3	65	1	1	1	3	2	2	1	1
174	2	1	4	5	5	4	1	2	2	2	1	3	4	4	1	3	4	2	1	4	3	1	3	1	3	2	1	4	3	2	2	1	5	3	2	5	3	2	4	4	3	5	5	6/10/1989	04/06/2014	25	1	3	65	1	1	2	3	3	1	6	2
175	3	3	5	5	5	1	1	1	2	5	3	3	2	5	4	3	3	4	4	5	5	3	3	3	3	3	4	3	3	1	1	1	1	2	1	5	2	2	2	5	2	5	2	3/1/1978	04/06/2014	36	1	3	55	6	1	1	3	3	1	1	4
176	5	5	5	5	5	1	1	2	2	5	2	4	3	5	2	5	5	4	2	2	3	3	3	2	3	4	1	4	3	2	1	1	4	2	1	3	2	4	2	1	2	5	5	9/1/1988	04/06/2014	26	1	4	65	1	1	1	2	2	1	6	1
177	4	4	5	5	5	2	1	2	2	3	2	4	2	4	3	3	4	4	3	3	3	3	2	3	2	3	2	4	1	2	1	1	1	2	1	3	3	4	3	5	5	5	5	11/3/1987	04/06/2014	27	1	3	75	1	1	1	3	3	1	4	1
178	3	3	4	5	5	1	1	2	2	5	1	3	4	5	3	4	4	4	1	4	4	3	3	3	3	4	1	4	3	2	1	1	2	2	2	5	1	3	1	5	5	5	5	31/1/1956	04/06/2014	58	2	3	73	8	1	1	2	2	4	6	1
179	3	3	3	5	5	2	2	2	2	1	3	3	1	5	3	3	5	1	1	5	5	1	3	4	3	4	3	4	1	2	1	2	2	2	1	4	1	5	3	5	1	5	1	7/2/1970	04/06/2014	44	2	3	3	3	1	2	3	3	1	2	2
180	2	4	4	5	5	4	3	2	3	2	2	5	3	5	3	4	4	3	3	4	5	4	5	2	4	5	5	5	1	5	2	1	5	3	2	4	2	5	2	5	4	5	3	NA	04/06/2014	NA	1	3	65	1	1	1	3	3	1	6	1
181	3	2	2	5	5	4	1	4	2	3	5	5	4	5	4	5	5	3	4	5	2	5	4	3	4	5	3	4	3	4	1	1	3	1	1	3	1	3	3	5	5	5	3	6/8/1984	04/06/2014	30	1	3	62	2	1	1	2	2	2	4	2
182	4	5	5	5	5	1	6	2	2	1	1	2	1	4	1	1	5	1	1	3	2	1	3	4	2	1	1	5	3	4	1	1	2	2	2	5	1	3	3	5	2	5	4	19/1/1978	04/06/2014	36	1	4	3	3	1	1	2	3	1	1	3
183	2	1	2	5	5	2	6	5	2	4	1	3	2	3	2	2	3	4	2	3	5	1	1	2	4	3	3	3	1	1	1	1	2	2	2	2	1	4	3	5	3	4	2	11/7/1972	04/06/2014	42	1	4	17	7	1	1	2	2	1	1	3
184	3	5	5	5	5	1	2	2	2	1	1	4	1	4	2	4	5	3	3	3	2	3	3	4	2	4	2	4	1	5	1	1	3	2	2	2	4	2	4	5	1	2	4	26/6/1985	04/06/2014	29	2	2	28	6	1	1	2	2	1	6	3
185	4	3	3	5	5	1	1	1	2	5	4	4	3	5	5	3	4	4	5	5	4	4	4	3	3	4	3	4	3	1	1	1	1	1	1	4	2	4	4	5	2	5	5	2/9/1983	04/06/2014	31	2	3	3	3	1	3	3	3	1	1	7
186	3	2	5	5	5	1	1	2	2	4	2	3	3	5	1	5	5	4	3	4	4	2	3	3	4	5	1	5	3	5	1	1	2	3	2	5	1	5	1	5	5	5	3	19/9/1963	04/06/2014	51	2	2	32	3	1	2	3	3	1	1	7
187	6	5	5	5	5	1	1	1	2	5	4	3	2	4	2	3	4	5	4	2	1	4	4	3	3	3	5	4	1	2	1	1	2	2	2	5	1	1	1	5	5	5	5	2/2/1948	04/06/2014	66	1	4	70	6	1	2	3	3	1	1	6
188	6	3	3	5	5	1	1	1	2	3	2	2	1	5	2	2	2	1	3	1	1	2	2	4	1	1	1	2	1	5	1	1	3	3	1	2	1	3	4	5	5	5	5	18/10/1952	04/06/2014	62	1	3	46	6	1	1	2	2	2	2	3
189	6	3	4	5	5	1	1	2	2	3	3	5	3	5	3	3	3	4	2	4	3	3	4	4	2	4	2	3	1	5	1	1	2	2	2	4	1	4	4	4	4	5	4	21/11/1965	04/06/2014	49	1	4	19	3	1	1	2	3	1	2	1
190	6	2	4	5	5	1	1	2	2	3	3	2	3	3	4	2	3	3	1	5	1	2	4	3	3	5	1	3	1	1	1	1	2	1	2	3	1	4	3	5	1	5	2	4/7/1965	04/06/2014	49	2	5	3	3	1	2	3	3	1	1	1
191	6	1	1	3	5	1	1	8	2	5	5	5	1	5	1	1	1	5	3	1	1	5	3	5	1	1	1	1	1	6	2	15	5	3	2	3	1	1	1	5	3	4	5	14/12/1943	04/06/2014	71	1	4	19	3	1	1	1	1	2	6	6
192	3	1	2	4	5	2	3	2	2	4	4	3	2	3	4	2	5	4	3	3	3	4	3	2	4	2	1	5	3	3	1	1	3	1	1	1	1	1	3	5	3	5	2	2/6/1971	04/06/2014	43	2	3	41	1	1	1	2	2	1	5	7
193	3	5	3	5	5	1	1	2	2	3	2	3	1	4	3	3	4	3	3	3	4	3	4	4	2	4	4	4	2	3	1	1	3	1	2	3	3	4	2	5	1	5	2	20/9/1982	04/06/2014	32	1	3	3	3	1	2	3	3	1	1	1
194	6	5	5	5	5	1	1	2	2	3	4	4	1	5	1	4	4	3	1	4	4	4	2	4	3	4	3	4	1	1	1	1	4	3	1	2	3	1	3	5	2	5	5	23/4/1953	04/06/2014	61	2	3	27	6	1	1	3	3	1	2	6
195	6	5	5	5	5	1	1	2	2	5	3	4	1	5	2	3	5	3	1	2	2	3	4	5	2	2	3	4	1	2	1	1	2	2	1	1	1	1	3	3	5	4	3	30/12/1960	04/06/2014	53	2	5	23	5	1	1	3	2	1	2	6
196	2	3	3	3	4	2	1	2	2	4	4	3	3	5	3	3	4	3	3	3	4	4	4	2	2	2	4	4	3	2	1	1	3	1	1	2	3	3	5	3	4	4	4	2/8/1988	04/06/2014	26	2	4	65	1	1	2	3	3	2	1	8
197	4	2	4	5	5	1	1	2	2	4	3	3	3	4	2	2	4	4	1	4	4	3	1	1	4	2	1	4	1	6	2	1	2	3	3	5	3	3	1	5	1	5	4	5/3/1988	04/06/2014	26	1	3	41	1	1	1	3	2	1	6	1
198	5	5	5	5	5	1	3	2	3	2	5	1	2	4	2	4	5	3	2	2	2	4	2	4	1	3	4	3	1	1	1	1	1	1	1	2	4	5	4	5	1	3	5	3/11/1964	04/06/2014	50	2	4	3	3	1	2	3	3	1	2	2
199	6	5	5	5	5	2	1	2	2	3	3	3	2	5	3	3	5	1	2	5	5	3	1	1	5	2	2	5	3	5	1	1	4	3	2	2	2	4	5	3	4	5	5	NA	04/06/2014	NA	2	4	3	3	2	1	2	3	1	9	1
200	4	5	5	5	5	1	1	2	2	3	2	3	3	5	2	1	4	4	2	4	4	2	3	2	4	1	1	3	3	1	2	1	3	2	1	5	4	2	3	5	1	5	5	21/10/1990	04/06/2014	24	2	3	19	3	1	1	3	3	1	2	2
201	4	5	5	5	5	1	1	2	2	4	4	4	4	4	4	2	3	3	4	4	4	2	2	3	3	3	2	3	2	2	2	1	5	2	1	4	2	3	3	4	5	4	4	11/12/1990	04/06/2014	23	2	5	65	1	1	2	3	3	1	1	8
202	4	5	5	5	5	1	1	2	2	1	2	5	2	5	2	3	4	1	1	1	1	2	1	4	2	2	1	4	1	6	2	1	5	3	2	5	1	4	2	4	4	3	5	28/8/1988	04/06/2014	26	2	4	19	3	1	1	2	2	1	6	3
203	1	2	2	3	5	4	4	5	2	5	4	5	4	5	3	5	5	4	4	4	3	5	4	1	1	1	4	4	1	2	1	10	4	2	2	3	3	3	3	3	3	3	3	11/6/1986	04/06/2014	28	1	3	32	3	1	1	2	3	4	6	3
204	2	5	5	5	5	2	4	2	1	4	3	5	2	5	4	2	5	5	3	4	4	3	2	3	4	2	4	5	3	5	2	1	3	1	2	3	3	4	3	3	4	5	2	21/3/1990	04/06/2014	24	1	3	19	3	1	1	2	2	1	2	3
205	4	5	5	5	5	2	1	2	2	2	3	4	2	5	2	4	5	2	2	4	3	2	3	3	4	2	3	5	1	5	2	1	3	3	1	2	3	3	4	5	3	4	3	NA	04/06/2014	NA	1	5	3	3	1	1	3	2	1	2	1
206	4	5	5	5	5	1	1	2	3	5	3	4	3	4	3	3	4	5	1	4	4	3	3	5	3	1	1	3	1	1	1	1	1	2	1	5	1	2	4	5	5	2	5	28/2/1984	04/06/2014	30	1	5	66	6	1	1	2	2	2	2	3
207	4	4	5	5	5	1	1	1	2	4	4	4	3	5	4	4	5	4	3	3	4	3	4	1	5	3	3	3	3	3	2	1	2	1	2	5	1	3	4	3	3	5	5	18/5/1990	04/06/2014	24	2	3	71	3	1	1	1	2	1	6	1
208	6	4	5	5	5	1	1	1	2	5	3	4	4	5	4	3	4	5	4	2	1	3	1	1	4	1	3	3	3	1	1	1	2	2	2	5	1	2	3	5	5	5	5	6/5/1966	04/06/2014	48	2	3	3	3	2	2	3	3	1	2	3
209	3	3	5	5	5	2	1	2	2	5	4	3	1	5	3	3	4	5	3	3	3	3	4	2	4	3	3	4	2	2	1	1	1	2	1	4	2	2	2	5	4	4	4	30/10/1940	04/06/2014	74	1	4	3	3	1	2	3	2	1	1	1
210	4	2	4	2	5	4	1	2	2	2	4	3	3	4	4	3	4	3	2	4	4	4	4	2	3	1	4	2	3	2	1	1	3	2	1	3	1	3	2	5	3	3	5	16/7/1964	04/06/2014	50	2	3	3	3	1	1	3	3	1	3	3
211	4	5	5	5	5	1	1	2	2	1	3	5	1	5	1	1	4	4	1	2	2	3	3	4	4	1	1	5	1	1	2	1	2	3	2	4	1	5	3	1	1	5	4	25/7/1940	04/06/2014	74	1	3	19	3	1	1	3	2	1	6	6
212	6	5	5	5	5	1	2	2	2	4	1	3	3	5	3	3	3	3	3	3	3	2	4	2	3	2	4	3	2	2	1	1	1	2	1	5	1	2	4	5	4	5	4	3/7/1961	04/06/2014	53	1	3	65	1	2	2	3	3	1	6	1
213	3	5	5	5	5	2	1	2	2	2	2	3	2	5	4	4	5	3	5	4	2	3	3	4	2	4	3	5	3	3	1	1	5	2	2	5	1	3	4	5	2	5	4	15/3/2014	04/06/2014	NA	2	4	3	3	1	2	3	3	1	6	7
214	3	5	5	5	5	1	1	2	2	2	3	5	1	4	5	4	5	2	1	5	5	3	1	4	2	4	2	4	3	1	2	1	4	3	2	4	3	2	3	5	2	4	3	10/8/1990	04/06/2014	24	2	3	71	3	1	1	1	1	2	6	8
215	4	5	5	5	5	1	1	2	2	4	2	4	3	5	3	3	3	4	2	3	2	2	1	2	2	2	3	3	2	5	1	1	3	2	1	3	3	1	5	5	3	5	5	1/4/1957	04/06/2014	57	2	4	3	3	1	1	2	2	1	7	2
216	4	2	5	5	5	2	1	2	2	4	4	4	3	5	2	2	4	4	2	2	3	3	2	4	4	3	3	2	2	3	2	1	5	3	2	3	3	2	3	4	4	4	2	NA	04/06/2014	NA	2	3	3	3	1	1	2	2	1	6	2
217	4	4	5	5	5	1	1	2	2	2	4	4	4	5	2	3	4	3	3	4	4	4	2	4	2	3	2	3	3	5	1	1	3	2	2	5	1	4	4	5	3	5	2	1/3/1955	04/06/2014	59	2	3	51	10	1	1	2	2	1	2	7
218	4	2	4	5	5	1	1	1	2	4	2	3	1	5	3	2	4	4	3	2	1	1	1	1	5	3	4	1	2	2	1	1	2	2	2	3	3	2	4	5	NA	5	NA	NA	04/06/2014	NA	1	5	55	6	1	3	3	3	1	9	1
219	6	5	5	5	5	2	1	4	2	4	3	3	2	5	3	2	4	3	4	4	4	4	2	2	5	2	2	3	3	1	1	1	1	2	2	4	1	2	3	3	3	4	4	8/6/1944	04/06/2014	70	2	4	3	3	1	1	3	3	1	1	6
220	6	2	5	5	5	1	1	2	2	5	4	4	3	5	3	3	5	4	4	3	3	4	3	1	5	3	2	2	3	1	1	1	2	3	2	4	2	5	3	4	2	5	3	4/10/1949	04/06/2014	65	1	5	3	3	1	2	3	2	1	1	1
221	4	5	5	5	4	1	1	1	3	5	3	2	2	4	1	1	1	5	2	1	1	2	2	3	3	2	1	1	2	2	1	1	5	1	2	4	2	3	4	5	4	5	4	11/12/1987	04/06/2014	26	1	3	3	3	1	2	3	2	1	6	1
222	5	5	5	5	5	1	5	8	2	4	4	5	3	5	2	1	4	4	3	2	5	5	4	2	3	1	4	3	2	1	1	1	1	2	1	3	2	2	4	5	4	5	4	7/7/1951	04/06/2014	63	1	5	3	3	1	3	3	3	1	3	1
223	6	5	5	5	5	1	1	2	2	4	4	4	3	5	3	3	4	4	4	5	3	3	4	2	4	3	4	2	3	6	1	1	4	1	2	4	2	4	3	2	3	4	5	16/9/1957	04/06/2014	57	2	3	3	3	1	2	3	3	1	10	1
224	4	4	5	5	5	2	1	1	2	5	3	3	2	4	2	3	2	4	2	2	2	2	2	3	3	3	1	2	2	1	1	1	1	2	1	5	2	2	3	2	4	5	3	9/1/1959	04/06/2014	55	1	4	3	3	1	2	3	2	1	1	1
225	6	5	5	5	5	2	1	2	2	4	2	3	1	5	4	4	4	5	2	4	1	2	4	3	1	3	2	3	1	1	1	1	3	1	2	4	1	3	4	5	1	5	3	6/10/1929	04/06/2014	85	1	4	3	3	1	2	3	2	1	1	6
226	4	3	5	5	5	4	1	2	2	4	2	4	1	5	4	3	4	4	5	3	1	2	3	2	2	3	2	2	3	3	1	1	1	1	2	4	1	2	3	5	4	5	4	31/3/1949	04/06/2014	65	1	3	3	3	1	2	3	3	1	3	1
227	4	5	5	5	5	1	1	2	2	2	2	4	2	3	2	3	4	4	3	4	2	2	3	3	2	3	1	3	3	5	1	1	5	3	2	3	1	2	1	5	1	5	3	27/10/1967	04/06/2014	47	2	3	3	3	1	1	3	3	1	1	1
228	3	4	5	5	5	1	1	1	2	4	2	3	3	4	3	3	4	4	3	4	4	2	3	1	5	4	4	4	2	2	1	1	1	2	2	4	2	3	4	5	3	4	5	13/10/1966	04/06/2014	48	1	4	3	3	1	2	3	2	1	2	2
229	3	5	5	5	5	2	1	4	2	5	1	1	1	5	5	2	3	5	5	4	4	1	3	3	3	1	1	3	3	3	1	1	3	1	1	5	2	3	3	5	2	5	3	7/10/1971	04/06/2014	43	2	3	69	4	1	2	3	3	2	1	7
230	6	5	5	5	5	1	1	1	2	5	5	1	1	5	1	1	4	5	5	2	2	5	3	5	3	1	3	4	3	1	1	1	4	1	2	3	2	3	3	5	2	5	4	19/4/1942	04/06/2014	72	1	4	31	6	1	3	3	3	1	1	6
231	6	2	3	3	4	1	3	2	2	2	1	3	1	4	1	2	4	2	1	3	2	1	3	2	4	3	1	5	1	6	2	15	5	3	2	4	1	4	1	5	2	5	2	26/5/1967	04/06/2014	47	2	4	70	6	1	2	3	3	1	6	7
232	6	5	5	5	5	1	1	1	2	5	4	3	1	5	2	4	4	5	5	2	2	2	3	2	3	1	3	3	2	2	1	1	1	2	1	3	3	1	3	4	5	4	4	20/10/1964	04/06/2014	50	1	4	86	6	1	3	3	3	1	6	2
233	3	1	5	5	5	1	1	3	2	5	5	3	2	5	3	1	4	4	2	4	2	3	4	3	2	1	4	5	1	1	1	2	1	1	1	5	1	4	1	4	3	5	2	10/12/1953	04/06/2014	61	1	5	3	3	1	1	2	2	1	2	2
234	6	1	1	3	4	1	1	8	3	3	3	2	1	5	4	4	3	4	1	2	3	1	1	1	5	5	1	3	3	5	1	1	2	2	2	5	3	3	2	5	1	5	3	13/5/1939	04/06/2014	75	2	2	3	3	1	1	3	3	1	2	6
235	6	5	5	5	5	1	1	2	2	3	3	4	2	5	3	3	3	1	3	4	4	3	3	2	1	2	4	4	3	1	1	1	5	3	2	5	1	3	1	5	2	5	5	30/7/1965	04/06/2014	49	1	3	3	3	1	2	3	2	1	1	1
236	2	4	4	4	4	3	1	4	2	3	3	4	3	4	4	5	5	3	3	3	3	3	3	5	2	4	1	4	3	6	1	1	2	3	2	4	4	2	4	4	4	4	4	27/11/1984	04/06/2014	30	2	4	82	1	1	1	2	2	1	2	8
237	4	1	5	5	5	2	1	2	2	4	2	4	3	3	2	1	4	4	3	3	2	2	3	5	2	2	1	4	3	4	1	1	1	1	1	4	2	2	2	5	2	5	4	23/4/1959	04/06/2014	55	1	3	3	3	1	1	2	3	1	6	3
238	6	4	4	5	4	1	1	2	2	3	3	3	1	5	4	2	3	5	5	3	3	3	4	1	2	1	4	3	1	4	1	1	2	2	2	3	1	3	3	3	3	5	3	NA	04/06/2014	NA	1	5	3	3	1	3	3	2	1	3	6
239	3	1	5	5	5	2	3	2	2	1	4	4	1	4	1	4	4	1	3	3	3	4	4	5	1	5	1	5	3	1	1	1	3	3	2	3	1	2	3	5	2	5	3	2/12/1959	04/06/2014	55	2	3	19	3	1	2	2	2	1	1	7
240	3	1	5	5	5	2	3	2	2	1	4	4	1	4	1	4	4	1	3	3	3	4	4	5	1	5	1	5	3	1	1	1	3	3	2	3	1	2	3	5	2	5	3	2/12/1959	04/06/2014	55	2	3	19	3	1	2	2	2	1	1	7
241	3	1	5	5	5	2	3	2	2	1	4	4	1	4	1	4	4	1	3	3	3	4	4	5	1	5	1	5	3	1	1	1	3	3	2	3	1	2	3	5	2	5	3	2/12/1959	04/06/2014	55	2	3	19	3	1	2	2	2	1	1	7
242	4	5	5	5	5	1	1	1	2	2	2	3	1	4	4	4	4	3	3	2	3	2	3	1	5	3	2	2	3	1	1	1	5	3	2	4	1	3	3	5	2	4	3	26/10/1962	04/06/2014	52	2	3	7	4	1	2	3	3	1	1	3
243	4	5	5	5	5	1	1	1	2	3	4	5	2	4	2	4	4	4	3	4	4	4	4	4	3	4	3	4	1	1	1	1	1	2	1	4	1	3	4	5	3	5	4	18/11/1962	04/06/2014	52	1	3	3	3	1	1	2	2	1	1	1
244	5	4	5	5	5	1	1	2	2	5	3	4	2	5	3	2	4	5	3	3	2	1	1	4	3	1	1	2	2	2	1	1	1	2	2	5	1	3	2	5	2	5	4	1/1/1953	04/06/2014	61	1	4	3	3	1	1	3	2	1	2	1
245	3	2	5	5	5	1	1	2	2	1	3	3	3	5	5	4	4	3	3	4	4	3	3	3	3	3	2	3	3	4	1	1	3	3	2	3	1	3	3	5	1	5	3	20/3/1954	04/06/2014	60	2	3	68	6	1	1	3	3	2	1	1
246	4	5	5	5	5	1	1	2	2	1	1	4	1	4	4	4	4	4	2	3	3	2	2	3	3	2	2	4	3	6	1	1	2	2	1	3	4	4	4	5	3	4	5	10/12/1959	04/06/2014	55	1	3	1	1	1	1	3	2	1	1	2
247	3	5	5	5	5	1	1	5	2	2	2	5	1	5	2	5	5	2	1	3	2	2	3	3	2	3	1	2	1	4	2	1	2	3	2	1	3	5	4	5	3	4	4	14/9/1956	04/06/2014	58	1	4	14	6	1	2	3	3	1	2	1
248	6	5	5	5	5	1	1	2	2	4	2	4	2	5	3	2	4	5	4	5	2	3	4	1	5	3	4	4	3	2	1	1	3	1	2	2	1	1	4	5	2	3	2	21/8/1957	04/06/2014	57	1	3	1	1	1	3	3	3	1	5	2
249	4	2	5	5	5	2	1	1	2	3	3	3	2	5	4	4	4	4	4	5	3	3	4	2	3	2	4	3	3	1	1	1	1	2	1	4	2	5	3	2	3	4	3	28/10/1948	04/06/2014	66	1	5	4	4	1	3	3	2	1	1	1
250	3	3	5	5	4	2	1	2	2	3	3	4	3	5	4	2	3	3	4	4	4	3	2	3	4	1	3	2	3	4	1	1	1	2	1	4	3	4	3	5	4	4	4	13/4/1966	04/06/2014	48	2	3	3	3	1	1	2	2	1	1	3
251	3	3	5	5	5	2	1	2	2	5	2	4	2	5	3	4	4	4	5	5	5	3	4	2	4	3	4	2	3	4	1	1	4	2	2	4	2	2	2	1	2	4	5	NA	04/06/2014	NA	1	4	3	3	1	1	3	3	1	1	1
252	6	5	5	5	5	1	1	2	2	2	1	5	2	5	4	3	1	3	1	3	3	1	1	3	1	2	2	2	3	3	2	1	2	2	2	4	1	4	5	5	5	5	5	14/5/1971	04/06/2014	43	2	4	3	3	1	1	2	2	1	6	1
253	6	5	1	5	5	1	1	2	2	5	5	1	1	5	3	3	5	5	1	5	1	5	1	5	1	3	1	5	1	2	1	2	4	1	2	5	1	3	1	5	4	2	5	26/9/1958	04/06/2014	56	1	2	3	3	1	3	3	3	1	6	1
254	6	5	5	5	5	1	1	2	3	4	4	5	2	4	3	4	4	4	1	3	4	3	2	4	1	3	1	3	1	1	1	1	1	2	2	4	1	3	4	4	3	5	4	NA	04/06/2014	NA	2	3	3	3	1	1	3	2	1	1	7
255	3	5	5	5	5	2	1	2	2	4	2	4	2	5	2	3	4	5	5	3	2	4	2	3	3	2	4	4	2	1	1	1	1	2	1	5	1	4	3	3	5	5	2	19/5/1989	04/06/2014	25	1	3	3	3	1	1	3	3	1	2	1
256	5	5	5	5	5	1	1	2	2	4	3	3	3	4	3	4	4	4	2	3	3	4	4	4	3	4	3	4	3	1	1	1	4	2	2	3	1	5	4	4	3	5	4	NA	04/06/2014	NA	1	2	81	2	1	3	3	3	1	1	1
257	5	5	5	5	5	1	1	2	2	2	2	2	2	5	3	3	4	3	2	3	3	2	2	1	1	2	2	3	3	1	1	1	4	2	2	4	3	2	4	5	4	5	4	14/4/1951	04/06/2014	63	2	2	81	2	1	3	3	3	1	1	6
258	4	5	5	5	5	1	1	2	2	5	5	5	3	5	4	4	4	5	3	4	4	4	4	4	4	4	4	4	1	5	2	1	1	1	1	3	4	5	4	3	4	5	5	20/7/1965	04/06/2014	49	2	3	3	3	1	2	3	3	1	1	7
259	6	1	5	5	5	1	1	2	2	2	2	3	1	5	4	4	5	4	5	1	1	2	1	2	4	1	5	4	3	1	1	1	1	2	2	4	1	2	3	5	5	5	5	11/9/2014	04/06/2014	NA	2	4	19	3	1	2	3	3	1	2	2
260	6	5	5	5	5	1	1	2	2	4	4	4	3	5	2	3	2	4	2	3	2	3	4	3	3	2	1	3	3	1	1	1	4	1	1	3	1	5	3	4	3	3	5	28/12/1964	04/06/2014	49	2	3	3	3	2	1	2	3	1	1	1
261	3	5	5	5	5	1	1	2	2	5	3	4	3	4	2	2	4	5	3	4	2	2	2	4	2	2	2	4	2	1	1	1	1	1	1	4	1	1	4	2	5	4	4	28/9/1987	04/06/2014	27	2	4	70	6	1	1	2	3	1	1	3
262	1	2	2	3	5	4	4	5	2	5	4	5	4	5	3	5	5	4	4	4	3	5	4	1	1	1	4	4	1	2	1	10	4	2	2	3	3	3	3	3	3	3	3	11/6/1986	04/06/2014	28	1	3	32	3	1	1	2	3	4	6	3
263	2	1	5	5	5	4	1	2	2	4	3	4	3	4	2	2	4	3	1	4	3	2	2	2	3	1	2	4	3	1	1	1	1	1	1	2	3	1	4	4	2	2	5	13/8/1991	04/06/2014	23	2	3	3	3	1	1	2	3	1	5	8
264	5	2	5	5	5	4	1	1	2	1	1	4	1	5	5	2	3	2	5	5	4	1	2	1	4	2	4	3	3	2	2	1	2	1	1	3	5	2	5	3	4	4	5	4/2/2014	04/06/2014	NA	2	3	3	3	1	1	3	3	1	1	1
265	6	3	4	5	5	1	1	2	2	5	5	5	3	5	4	3	5	5	5	5	5	5	5	5	5	3	2	5	2	1	1	1	1	2	1	5	1	4	3	5	3	5	5	NA	04/06/2014	NA	1	2	3	3	1	2	3	2	2	2	2
266	6	5	5	5	5	4	1	2	2	3	2	4	2	5	2	3	3	5	4	2	2	5	2	1	4	3	4	4	3	1	1	1	3	3	2	3	1	1	2	5	4	5	3	NA	04/06/2014	NA	2	4	80	6	1	3	3	3	2	3	6
267	4	3	4	4	4	2	1	2	2	3	3	4	3	4	3	4	4	3	2	4	4	3	3	3	2	4	2	4	2	4	1	1	4	2	2	3	2	3	3	5	4	4	3	1/1/1951	04/06/2014	63	2	3	3	3	1	1	2	3	1	9	1
268	5	5	3	5	5	1	1	1	2	5	4	3	2	5	4	2	4	5	3	3	3	3	4	2	5	2	4	4	1	1	1	1	2	3	2	4	1	3	4	5	3	5	2	15/7/1961	04/06/2014	53	1	3	19	3	1	3	3	3	1	1	2
269	4	4	4	5	5	2	1	2	2	2	3	4	5	5	2	3	3	2	3	4	4	2	4	3	4	2	2	1	3	5	1	1	5	3	2	3	3	1	5	5	2	4	4	8/5/1946	04/06/2014	68	1	4	32	3	1	1	3	3	1	8	2
270	6	3	4	5	5	1	1	4	2	4	2	5	3	5	3	2	4	5	3	3	3	3	3	2	2	2	5	4	3	6	1	1	3	2	3	5	2	3	4	5	5	5	4	8/8/1963	04/06/2014	51	1	3	3	3	1	1	3	2	1	2	1
271	4	5	5	5	5	1	1	7	2	5	4	1	1	5	1	1	3	5	5	1	1	4	2	1	5	1	4	2	2	2	1	1	1	3	1	4	1	2	3	5	5	5	5	1/1/1953	04/06/2014	61	1	4	3	3	1	3	3	3	1	9	2
272	3	2	4	5	4	2	1	2	2	4	3	5	2	4	4	3	4	4	3	3	4	4	2	3	2	2	4	4	2	1	2	1	1	2	1	4	2	4	2	3	1	5	1	13/3/1991	04/06/2014	23	2	3	32	3	1	1	3	2	2	2	3
273	6	5	5	5	5	1	1	2	2	3	5	4	3	5	2	4	4	4	5	4	4	5	5	3	5	4	3	5	1	1	1	1	1	2	2	5	1	4	5	5	3	5	4	13/12/1990	04/06/2014	23	2	3	32	3	1	1	3	3	1	9	1
274	4	1	5	5	5	1	1	2	2	2	2	3	1	5	3	4	4	4	4	3	4	2	4	1	5	3	3	4	3	1	1	1	3	2	2	4	1	1	2	5	3	5	4	NA	04/06/2014	NA	1	5	3	3	1	2	3	3	1	2	6
275	3	3	4	5	5	2	1	2	2	3	4	3	2	5	5	4	5	5	2	4	5	3	3	1	5	3	3	4	3	1	1	1	2	2	1	5	1	4	2	3	2	5	4	12/2/1989	04/06/2014	25	1	5	19	3	1	1	3	3	1	4	8
276	5	5	5	5	5	1	1	2	2	5	3	3	2	5	4	3	4	5	5	4	5	4	3	1	4	1	5	3	2	2	1	1	1	1	1	4	2	1	2	3	5	5	3	25/10/1995	04/06/2014	19	2	3	32	3	1	2	3	3	1	1	7
277	6	1	2	5	5	1	2	5	2	5	5	3	2	5	3	2	3	5	4	2	3	5	5	3	3	1	5	4	1	1	1	1	3	2	3	4	4	3	4	5	1	5	5	NA	04/06/2014	NA	1	5	3	3	1	3	3	3	1	3	1
278	4	5	4	5	5	1	1	2	3	5	3	4	2	5	3	3	3	4	3	4	3	2	2	2	4	3	2	3	1	1	1	1	3	2	1	3	2	4	3	4	2	5	4	6/5/1991	04/06/2014	23	2	4	19	3	1	1	3	3	1	5	8
279	4	5	5	5	5	2	1	2	2	4	4	4	2	5	3	3	4	4	3	3	3	4	5	3	4	3	3	4	3	1	1	1	1	1	1	5	1	2	2	1	3	5	3	27/3/1971	04/06/2014	43	2	3	3	3	1	1	3	2	1	1	1
280	6	5	5	5	5	1	3	2	2	3	3	4	1	5	4	1	3	3	3	3	3	3	3	1	5	1	3	2	2	1	1	1	1	3	1	4	3	2	3	5	5	5	5	20/9/1967	04/06/2014	47	1	3	55	6	1	3	3	3	1	8	1
281	4	2	5	5	5	1	1	2	2	4	4	3	4	5	5	5	5	3	2	4	5	4	3	4	2	4	2	5	3	1	1	1	1	1	2	3	3	2	4	4	5	2	5	23/3/1956	04/06/2014	58	2	4	3	3	1	2	3	2	2	1	1
282	4	1	4	5	5	2	1	1	2	4	4	4	4	4	3	3	4	4	4	4	4	3	3	4	4	3	2	4	3	5	1	1	1	2	2	4	1	4	3	5	2	5	5	4/4/1964	04/06/2014	50	2	3	3	3	2	1	2	2	3	1	3
283	4	3	5	5	5	1	1	2	2	4	3	4	2	4	5	3	3	5	3	4	4	2	2	4	3	3	3	4	3	1	1	1	4	1	2	4	3	2	3	5	4	5	4	11/10/1971	04/06/2014	43	2	4	3	3	1	1	2	3	1	2	3
284	4	5	5	5	5	1	1	2	2	5	4	4	1	5	4	1	3	5	4	3	3	4	5	5	2	2	1	1	2	1	1	1	1	1	1	5	1	2	3	5	2	5	4	31/3/1978	04/06/2014	36	2	5	58	9	2	2	3	3	1	3	3
285	4	5	5	5	5	1	1	2	2	5	4	4	4	4	3	2	3	5	4	5	4	4	3	3	4	2	4	5	2	1	1	1	1	1	1	4	3	3	3	5	5	4	5	13/5/1979	04/06/2014	35	2	4	66	6	1	1	2	2	1	4	1
286	4	5	5	5	5	2	1	2	2	5	4	3	2	5	3	3	3	5	4	4	3	4	4	2	3	2	3	4	3	1	1	1	1	1	2	4	3	1	2	4	3	5	1	12/9/1958	04/06/2014	56	1	3	2	2	1	3	3	3	2	2	1
287	4	5	5	5	5	1	1	2	2	3	4	5	1	5	2	3	4	4	2	3	3	4	3	2	4	2	2	3	1	2	1	1	2	2	2	3	3	4	4	4	4	4	4	16/12/1971	04/06/2014	42	2	3	74	8	1	1	3	2	1	2	1
288	6	4	3	5	5	1	1	2	2	5	3	3	2	5	1	2	1	5	4	3	1	3	2	4	3	1	4	3	1	1	1	1	2	2	2	3	2	4	4	5	2	5	2	14/11/1959	04/06/2014	55	1	4	3	3	2	3	3	3	1	1	2
289	3	1	2	5	5	2	2	2	2	4	2	2	1	5	1	3	5	3	1	1	1	1	1	3	1	2	1	5	3	4	2	1	1	2	2	1	2	2	2	1	5	5	1	19/10/2014	04/06/2014	NA	2	3	3	3	1	1	2	2	1	2	2
290	4	5	5	5	5	2	1	2	2	4	4	3	2	5	3	4	4	4	4	3	3	4	3	2	2	3	2	3	3	2	1	1	1	2	1	4	1	3	5	5	3	5	3	NA	04/06/2014	NA	1	3	3	3	2	3	3	3	1	2	3
291	5	4	5	5	5	1	3	1	2	4	3	4	2	5	3	3	4	4	4	3	4	3	3	2	5	3	4	3	3	1	1	1	4	2	2	5	2	3	4	5	4	5	2	15/8/1964	04/06/2014	50	1	5	47	10	1	1	3	3	1	1	1
292	6	5	5	5	5	1	1	2	2	4	4	4	2	5	3	3	5	4	2	4	3	4	4	2	4	2	2	4	3	2	1	1	2	2	2	4	2	4	4	5	3	5	3	3/9/1939	04/06/2014	75	1	4	3	3	1	1	3	3	1	1	6
293	4	5	5	5	5	1	2	2	2	4	2	3	3	5	3	3	4	4	3	2	1	2	2	3	2	3	4	3	1	2	1	1	2	2	2	4	1	3	3	4	4	4	2	20/1/1952	04/06/2014	62	1	3	71	3	1	2	3	3	1	1	2
294	4	5	5	5	5	4	1	1	2	5	5	4	4	5	4	4	4	5	4	4	4	4	4	1	5	4	2	4	3	1	1	1	1	1	1	5	1	1	3	5	4	5	2	17/3/1953	04/06/2014	61	2	4	53	5	1	3	3	3	1	2	1
295	6	5	5	5	5	1	1	2	2	3	4	3	3	5	4	2	3	3	4	3	3	3	3	2	4	3	2	3	2	1	1	1	3	2	1	3	2	4	3	3	2	4	4	NA	04/06/2014	NA	1	3	3	3	1	2	3	3	1	1	6
296	4	3	5	5	5	1	1	1	2	4	5	4	2	5	4	3	4	4	5	4	4	5	2	2	3	3	4	4	3	1	1	1	1	2	2	4	2	4	4	5	5	5	4	23/7/1953	04/06/2014	61	1	3	41	1	1	2	3	3	1	2	1
297	6	5	5	5	5	2	1	2	2	3	4	4	2	4	4	3	5	5	5	4	5	4	3	1	2	2	2	4	2	1	1	1	1	2	1	5	1	2	3	2	5	4	5	13/12/1949	04/06/2014	65	2	4	3	3	1	1	2	2	2	1	3
298	6	5	5	5	5	4	1	2	2	5	3	5	2	5	3	4	4	5	4	5	2	2	3	1	5	2	3	2	3	2	1	1	2	3	2	5	1	1	2	5	5	5	3	NA	04/06/2014	NA	2	3	32	3	2	1	3	2	1	1	2
299	5	5	5	5	5	1	1	1	2	4	4	4	2	5	4	4	4	5	5	4	4	3	4	3	4	3	3	4	2	2	1	1	1	2	1	5	3	2	4	5	4	4	4	24/3/1950	04/06/2014	64	1	4	74	8	1	1	2	3	1	1	1
300	4	2	5	5	5	1	1	2	2	4	2	2	4	4	3	2	3	4	2	3	3	2	3	3	1	2	1	3	3	1	1	1	3	2	1	1	3	3	5	2	5	4	5	22/7/1947	04/06/2014	67	2	4	3	3	1	1	2	3	1	1	2
301	5	5	5	5	5	1	1	2	2	3	3	4	2	5	2	5	5	4	2	5	3	4	2	1	5	4	3	5	3	6	1	1	2	3	2	3	1	2	4	3	5	5	5	NA	04/06/2014	NA	2	3	10	3	1	1	3	2	1	1	1
302	6	2	4	5	5	1	1	2	2	4	3	3	2	5	4	4	4	4	5	4	5	3	3	3	3	4	3	4	2	2	1	1	3	1	1	3	1	2	4	3	4	5	2	20/8/1954	04/06/2014	60	1	3	3	3	1	1	3	2	1	6	1
303	4	3	3	5	5	2	1	1	2	4	2	4	1	5	1	4	3	5	4	2	3	1	2	1	5	2	2	2	2	1	1	1	1	2	1	3	3	1	4	5	2	5	3	25/2/2014	04/06/2014	NA	2	3	3	3	1	1	3	2	1	7	1
304	5	3	3	5	5	1	1	2	2	5	5	5	2	4	4	3	5	4	3	5	5	3	3	4	3	3	1	5	3	6	1	1	4	1	2	5	1	4	2	2	4	5	3	29/12/1950	04/06/2014	63	2	3	37	3	2	1	3	2	2	2	1
305	3	5	5	5	5	1	1	2	2	4	3	3	3	4	3	4	4	2	2	3	3	3	2	1	3	2	1	3	1	1	1	1	3	3	2	5	1	3	3	5	4	4	4	29/10/1933	04/06/2014	81	2	3	3	3	2	2	3	3	1	1	6
306	6	5	5	5	5	1	1	8	2	5	1	3	1	5	3	1	2	5	5	2	3	1	1	1	3	1	4	1	2	2	1	1	2	1	2	4	2	4	4	5	2	5	5	NA	04/06/2014	NA	1	4	71	3	1	3	3	3	1	2	6
307	4	5	5	5	5	1	1	1	2	1	1	2	1	4	4	5	4	4	3	5	3	1	1	1	5	4	2	3	3	4	2	1	2	2	2	3	3	3	4	5	4	5	4	15/4/1963	04/06/2014	51	1	3	3	3	1	2	3	3	1	1	1
308	3	1	5	5	5	4	1	2	2	4	2	4	1	5	3	4	5	5	5	4	2	4	4	2	3	2	3	5	3	1	1	1	1	2	1	5	2	3	4	5	3	5	3	21/4/1970	04/06/2014	44	1	3	79	5	1	2	3	3	1	1	1
309	6	5	5	5	5	1	1	2	2	3	1	3	2	3	2	2	3	3	2	3	1	1	1	3	2	1	1	2	2	1	1	1	1	1	2	5	1	1	4	2	3	5	4	16/6/1950	04/06/2014	64	1	2	78	10	1	1	3	2	1	2	2
310	3	5	5	5	5	1	2	2	2	4	2	4	2	5	3	3	4	4	2	3	4	3	3	2	5	4	3	5	3	1	2	1	3	2	1	4	1	1	3	3	2	5	4	15/8/1960	04/06/2014	54	2	2	3	3	2	2	3	3	1	6	7
311	4	5	3	5	5	1	1	2	1	3	5	4	4	5	2	3	3	3	1	1	1	4	1	2	5	2	3	1	3	3	1	1	2	2	2	5	2	3	3	5	1	5	1	26/8/1987	04/06/2014	27	2	4	11	5	1	1	2	2	1	6	8
312	6	1	5	5	5	2	1	2	2	4	5	4	2	4	3	3	4	4	3	3	3	4	4	5	2	2	2	4	1	2	1	1	1	3	3	4	1	4	4	5	4	5	4	1/10/1939	04/06/2014	75	1	4	32	3	1	1	2	2	1	3	2
313	4	5	5	5	5	1	1	2	2	5	4	4	3	5	4	5	5	5	4	4	3	2	3	2	4	1	2	3	3	1	1	1	1	2	1	4	1	2	3	5	3	4	3	24/5/1973	04/06/2014	41	1	3	3	3	1	2	3	2	1	6	1
314	3	3	5	5	5	4	1	2	2	4	3	4	2	3	3	4	5	1	1	2	3	3	2	3	2	3	2	4	3	4	2	1	5	3	2	4	1	4	3	4	2	3	4	27/3/1954	04/06/2014	60	1	5	3	3	1	2	3	2	1	1	2
315	6	3	5	5	5	4	2	2	2	5	1	2	1	5	4	2	3	5	5	3	2	3	4	1	3	3	3	2	3	2	1	1	2	1	2	4	1	3	3	5	5	5	5	24/4/1970	04/06/2014	44	2	3	65	1	1	2	3	3	1	2	3
316	3	2	5	5	5	2	1	2	2	4	2	5	2	5	5	4	4	5	3	5	3	4	3	1	4	3	3	2	3	5	2	1	2	2	2	5	1	2	4	2	2	5	5	13/12/1952	04/06/2014	62	2	2	3	3	1	1	3	2	1	1	6
317	4	5	5	5	5	1	1	1	2	5	5	3	1	5	3	1	5	5	3	5	4	3	3	1	3	1	5	5	3	1	1	1	1	1	2	4	1	4	1	5	3	5	5	NA	04/06/2014	NA	1	4	3	3	1	2	3	3	1	6	1
318	6	5	5	5	5	1	1	2	2	3	3	3	3	4	4	1	5	3	2	4	4	3	3	3	3	1	1	5	3	6	1	1	5	3	2	2	1	3	2	1	1	5	4	20/9/2014	04/06/2014	NA	2	2	3	3	1	2	2	2	1	1	7
319	6	1	5	5	4	1	1	2	2	2	3	5	5	5	2	4	4	3	1	5	4	3	1	3	5	3	1	4	3	1	1	2	2	1	2	4	1	3	3	5	NA	5	5	1/12/1956	04/06/2014	58	2	4	3	3	1	1	2	2	1	6	1
320	6	4	4	5	5	1	1	2	2	4	4	2	2	4	2	3	3	4	4	3	4	3	2	2	4	3	2	3	3	4	1	1	2	3	2	3	1	3	3	2	3	4	4	11/9/1956	04/06/2014	58	1	3	3	3	1	2	3	3	1	1	1
321	1	1	1	3	3	1	6	5	2	5	2	3	1	5	5	1	2	5	3	4	3	1	3	4	1	1	2	2	2	6	2	8	5	3	2	4	4	3	4	1	1	2	5	2/12/1942	04/06/2014	72	1	5	3	3	1	2	3	2	2	6	6
322	2	4	3	1	4	2	4	4	2	4	1	1	3	5	4	1	4	4	4	5	3	1	1	1	5	1	1	1	3	6	2	1	5	3	2	1	3	4	4	2	4	1	5	2/10/1952	04/06/2014	62	2	3	35	6	1	2	2	3	1	6	3
323	6	5	5	5	5	1	1	2	2	4	4	3	2	4	4	2	4	2	1	3	4	4	3	3	3	3	1	2	3	1	1	1	1	2	1	4	2	2	3	5	5	3	4	8/7/2047	04/06/2014	NA	1	3	26	3	1	2	3	3	1	1	2
324	6	4	5	5	5	1	1	2	2	5	4	4	3	5	5	5	5	5	5	4	5	5	4	1	5	4	3	4	1	1	2	1	1	2	2	4	1	3	3	5	4	5	4	17/2/1947	04/06/2014	67	2	3	3	3	1	2	3	3	1	1	6
325	3	5	5	5	5	4	1	2	2	3	1	4	3	4	3	2	4	4	4	4	4	1	1	2	3	1	2	3	1	5	2	1	5	3	2	4	1	4	3	2	3	5	1	5/1/1975	04/06/2014	39	1	3	3	3	1	1	2	2	1	6	3
326	4	3	5	5	5	1	1	1	2	5	3	5	2	5	5	2	4	5	5	4	2	3	5	1	5	1	3	3	3	5	1	1	1	1	1	2	1	4	4	5	4	5	4	14/12/1973	04/06/2014	40	2	3	3	3	1	1	3	3	1	1	3
327	4	2	5	5	5	1	1	2	2	3	4	5	2	5	4	4	4	4	4	4	4	4	4	3	5	3	2	4	2	5	1	1	1	2	1	5	1	3	4	3	1	5	4	NA	04/06/2014	NA	1	3	3	3	1	1	3	2	1	2	1
328	6	4	5	5	5	1	1	2	2	5	5	4	2	5	3	2	4	5	3	2	1	5	3	2	3	1	5	3	1	2	1	1	2	2	2	5	2	3	4	5	3	5	1	10/1/1965	04/06/2014	49	1	4	3	3	1	3	3	3	1	2	6
329	5	3	5	5	5	1	1	2	2	4	3	4	3	5	4	3	4	5	4	4	3	3	3	3	1	3	2	4	2	1	1	1	1	2	1	4	4	2	5	3	4	5	3	20/4/1975	04/06/2014	39	2	4	3	3	1	1	2	3	2	1	1
330	6	5	5	5	5	1	1	1	3	2	2	4	3	4	3	3	3	4	2	2	2	3	3	1	3	1	2	2	3	3	1	1	2	2	2	2	2	2	3	4	3	3	4	NA	04/06/2014	NA	2	4	8	1	2	1	2	3	1	2	1
331	4	2	5	5	5	2	1	2	2	5	5	3	3	5	3	3	4	4	5	5	5	4	4	4	4	3	4	5	1	5	1	1	3	2	2	3	1	2	3	5	NA	4	4	8/2/1957	04/06/2014	57	2	3	32	3	1	3	3	3	1	1	1
332	6	1	5	5	5	4	1	2	2	4	2	3	1	4	2	2	3	4	4	1	2	2	3	2	4	2	3	3	1	2	2	1	2	3	2	4	1	1	2	5	5	5	5	17/4/1947	04/06/2014	67	1	4	3	3	1	3	3	3	1	3	1
333	6	4	5	5	5	1	1	1	2	3	3	5	4	5	3	4	4	4	4	4	4	4	4	1	5	3	3	4	1	5	1	1	2	2	2	5	1	1	4	5	4	5	4	1/8/1955	04/06/2014	59	2	4	3	3	1	1	3	3	1	9	1
334	6	2	5	5	5	1	3	2	2	4	4	3	3	4	4	3	3	3	4	4	5	4	4	4	3	2	3	4	1	2	1	1	2	2	2	4	3	2	4	4	5	4	5	NA	04/06/2014	NA	1	3	3	3	1	2	3	2	3	2	6
335	6	5	5	5	5	1	1	2	2	4	3	5	3	4	2	5	4	5	3	4	2	4	2	1	3	4	2	3	2	2	1	1	2	3	2	5	1	1	3	5	5	5	5	22/12/1961	04/06/2014	52	2	5	3	3	1	2	2	3	1	1	2
336	4	1	5	5	5	1	1	1	2	3	3	4	3	5	4	4	4	4	5	5	3	3	4	1	4	3	2	2	1	1	1	1	3	2	2	3	1	2	3	3	4	5	3	2/9/1954	04/06/2014	60	2	2	3	3	2	3	3	3	2	1	6
337	4	5	5	5	5	1	1	2	2	5	5	5	3	5	5	3	4	5	3	5	3	5	3	3	4	3	2	4	3	2	1	1	5	2	2	3	3	5	5	5	4	5	5	2/9/2014	04/06/2014	NA	2	4	3	3	1	2	3	3	1	10	1
338	6	5	5	5	5	1	1	2	2	4	3	5	3	5	4	4	5	5	4	4	3	3	3	2	5	3	3	4	3	1	1	1	2	2	2	4	1	3	4	5	4	5	4	13/11/1966	04/06/2014	48	1	4	3	3	1	1	3	3	1	2	1
339	5	5	5	5	5	1	1	2	2	4	2	2	2	5	2	4	4	5	4	3	3	5	3	1	4	3	3	4	2	1	1	1	3	2	1	5	1	3	3	5	5	5	4	1/10/1958	04/06/2014	56	2	3	3	3	1	2	3	3	1	1	2
340	5	3	3	5	5	1	1	2	2	5	4	4	3	5	5	3	4	5	3	5	5	4	3	1	4	3	3	5	3	1	1	1	1	1	2	4	2	3	5	5	3	5	2	20/2/1947	04/06/2014	67	1	3	3	3	1	2	3	3	1	2	1
341	6	4	5	5	5	1	1	1	2	5	3	5	3	5	4	2	4	5	3	4	4	3	3	4	3	2	3	4	2	2	1	1	3	1	1	3	2	2	4	5	4	5	4	8/11/1937	04/06/2014	77	1	4	26	3	2	2	3	2	1	1	6
342	6	4	5	5	5	1	1	2	2	5	1	4	1	5	3	1	4	3	3	2	3	1	1	3	4	1	3	2	2	2	1	1	4	3	2	4	2	4	1	1	1	5	3	1/3/1952	04/06/2014	62	2	4	71	3	1	3	3	3	1	1	6
343	4	5	5	5	5	1	1	1	2	5	4	3	2	5	3	1	2	5	5	2	1	4	2	2	5	1	4	2	2	6	1	1	1	2	1	5	2	2	2	5	5	5	5	25/6/1980	04/06/2014	34	1	1	3	3	1	2	3	3	1	3	1
344	4	5	5	5	5	1	1	2	2	4	2	3	1	5	5	2	4	4	4	4	4	2	3	2	3	2	3	2	1	3	1	1	2	2	2	5	1	3	3	5	5	5	3	6/3/1954	04/06/2014	60	1	3	3	3	1	3	3	3	1	2	3
345	3	2	3	4	4	4	1	2	2	3	4	2	4	4	3	2	3	3	3	3	4	4	2	2	2	3	4	4	3	5	1	1	2	2	2	4	2	2	4	1	4	2	4	3/6/0039	04/06/2014	NA	1	4	55	6	1	1	2	2	1	2	1
346	5	4	4	5	5	1	1	8	3	5	5	3	3	5	4	3	5	5	4	3	4	5	1	2	2	1	3	4	2	1	1	1	1	2	1	3	1	4	1	5	1	5	2	29/11/1949	04/06/2014	65	2	5	4	4	2	3	3	3	3	3	6
347	5	5	5	5	5	1	1	1	2	4	5	5	3	5	4	3	5	5	4	5	4	4	3	3	4	2	4	5	3	2	1	1	1	2	2	5	2	3	3	5	5	4	5	1/4/1959	04/06/2014	55	2	4	3	3	1	1	3	3	1	1	2
348	4	5	5	5	5	2	1	2	2	3	2	3	2	4	2	2	3	3	3	4	4	2	2	2	4	2	2	4	3	3	1	1	2	3	2	3	2	3	4	3	4	5	2	18/2/1969	04/06/2014	45	2	3	3	3	1	2	3	3	1	4	1
349	3	1	5	5	5	1	1	8	2	5	3	3	3	5	4	3	3	5	5	4	5	3	4	3	2	1	4	3	1	1	1	1	3	2	2	5	1	4	5	4	5	5	4	27/3/1955	04/06/2014	59	2	3	3	3	1	2	3	3	1	3	7
350	4	5	5	5	5	1	1	2	2	3	4	5	2	5	3	4	5	5	5	4	4	3	2	1	5	3	3	3	2	5	1	1	3	2	2	5	1	4	3	5	1	5	3	12/11/1972	04/06/2014	42	1	3	3	3	1	1	3	3	1	2	2
351	4	5	5	5	5	1	1	1	2	4	4	4	3	5	3	5	5	4	4	4	4	4	4	1	4	4	4	5	1	1	1	1	2	2	2	3	2	3	4	2	3	5	4	7/6/1959	04/06/2014	55	1	5	3	3	1	2	3	3	1	6	1
352	6	5	5	5	5	1	1	1	2	4	3	3	2	5	4	3	4	4	3	4	3	2	3	3	3	2	4	4	3	1	1	1	1	2	2	3	1	4	4	3	3	5	4	10/3/1956	04/06/2014	58	1	3	3	3	1	1	3	2	1	2	6
353	6	5	5	5	5	1	1	2	2	5	4	4	2	5	1	2	3	5	3	3	1	4	2	4	2	2	4	2	1	5	1	1	2	3	2	4	1	1	5	5	5	3	5	23/7/1968	04/06/2014	46	2	3	3	3	2	1	2	2	1	5	1
354	3	3	4	5	5	2	1	1	2	4	2	3	2	5	2	3	4	4	2	4	4	2	2	2	4	2	1	4	3	4	2	2	2	2	2	3	3	1	4	2	1	5	1	11/7/1962	04/06/2014	52	1	3	3	3	1	1	2	3	1	2	3
355	3	4	5	5	5	2	1	2	2	3	2	5	2	5	2	4	5	5	1	5	4	2	2	5	3	1	1	3	3	4	1	1	1	2	1	4	5	1	5	4	3	2	5	14/2/1991	04/06/2014	23	2	4	3	3	1	1	2	2	1	6	8
356	4	5	5	5	5	1	1	2	2	3	3	3	1	5	3	3	3	3	3	3	3	3	3	4	2	1	2	2	3	2	1	1	3	1	2	2	2	1	1	5	NA	1	NA	9/9/1938	04/06/2014	76	2	2	3	3	1	2	3	3	3	6	6
357	6	5	5	5	5	1	1	2	2	4	1	3	1	4	3	4	1	5	4	4	3	1	1	2	1	3	2	2	2	2	2	1	1	1	1	5	1	2	3	5	5	5	5	21/2/1964	04/06/2014	50	1	5	3	3	1	3	3	3	1	1	1
358	6	5	5	5	5	1	1	2	2	4	4	3	3	5	4	4	4	5	2	4	2	3	2	2	4	3	3	3	3	2	1	1	3	2	2	5	2	1	5	4	5	5	4	12/9/1948	04/06/2014	66	2	4	3	3	1	2	3	3	1	2	1
359	4	1	5	5	5	1	1	2	2	4	3	3	3	4	4	4	4	4	4	4	3	2	2	2	2	3	3	3	3	1	1	1	1	1	2	3	3	3	3	4	4	3	4	5/5/1961	04/06/2014	53	2	5	3	3	1	2	3	2	1	1	1
360	5	5	5	5	5	1	1	2	2	3	4	4	3	5	4	4	4	4	4	5	4	4	4	2	4	2	2	3	3	1	1	2	3	2	2	4	1	2	4	5	3	5	2	26/8/1955	04/06/2014	59	2	5	84	4	1	1	3	2	1	1	1
361	3	5	5	5	5	4	1	1	2	4	3	3	1	5	4	3	5	4	1	4	5	2	1	2	3	3	3	5	3	1	2	1	3	2	2	5	2	4	3	2	2	5	4	12/7/1955	04/06/2014	59	2	4	3	3	1	1	3	3	1	7	2
362	3	3	5	5	5	4	1	2	2	1	3	5	5	1	3	4	4	1	1	5	5	3	2	3	3	3	4	4	3	6	2	7	5	3	2	4	2	3	4	3	4	5	1	22/9/1983	04/06/2014	31	2	3	3	3	1	2	2	3	1	6	3
363	4	2	5	5	5	1	1	2	2	3	4	4	2	5	2	4	5	5	3	5	2	3	2	1	4	3	2	4	3	1	1	1	2	3	2	5	1	3	4	3	3	5	5	1/5/1965	04/06/2014	49	2	3	3	3	2	2	3	2	1	1	1
364	4	5	5	5	5	1	1	2	1	4	4	4	1	5	2	3	4	5	2	3	1	4	2	2	2	3	3	4	3	4	1	1	2	2	2	3	3	3	5	4	4	4	5	1/1/1968	04/06/2014	46	1	3	3	3	1	1	3	3	1	2	1
365	6	3	5	5	5	1	1	4	3	3	4	3	2	5	4	3	4	4	3	5	4	4	4	2	3	3	4	4	1	1	1	1	2	2	2	4	2	3	5	3	2	5	1	3/3/1960	04/06/2014	54	1	3	3	3	1	2	3	3	1	2	6
366	4	2	5	5	5	2	1	2	2	3	4	3	2	5	4	3	3	3	5	4	2	4	3	3	4	3	2	3	1	1	1	1	1	1	2	5	1	1	3	5	4	5	5	1/10/1932	04/06/2014	82	1	5	3	3	1	2	3	3	1	1	6
367	4	4	5	5	5	1	1	2	2	4	2	3	1	5	2	3	3	4	4	4	2	2	1	1	5	2	3	3	3	2	1	1	4	3	2	3	2	3	3	4	3	5	1	NA	04/06/2014	NA	2	3	3	3	1	2	3	2	1	6	3
368	6	2	5	5	5	4	1	1	2	5	2	4	2	5	2	3	4	5	5	2	2	2	2	1	5	2	5	4	3	2	1	1	2	2	2	4	3	1	3	5	5	5	5	21/12/2014	04/06/2014	NA	1	5	3	3	1	3	3	3	1	3	1
369	6	2	5	5	5	1	1	2	2	5	3	4	1	5	5	4	4	5	5	3	3	3	2	1	5	4	2	4	2	1	1	1	1	1	2	5	1	1	4	5	2	5	4	13/4/1962	04/06/2014	52	1	5	3	3	1	2	3	3	1	1	1
370	4	5	5	5	5	1	1	2	2	5	4	2	2	5	4	4	4	5	5	3	1	2	1	2	4	1	2	4	3	1	1	1	1	1	2	4	2	3	3	5	3	5	3	NA	04/06/2014	NA	2	3	3	3	1	3	3	3	1	3	2
371	4	2	4	4	4	4	1	2	2	1	3	2	2	5	2	2	3	3	1	1	1	2	1	3	2	1	1	3	3	2	1	1	2	3	3	4	1	2	4	2	5	3	3	13/1/1956	04/06/2014	58	1	5	3	3	1	3	3	3	1	1	1
372	4	3	5	5	5	1	1	1	2	3	3	3	3	5	3	4	5	4	5	3	4	5	5	3	4	4	2	3	3	1	1	1	1	1	2	5	4	2	4	3	3	5	4	28/10/1970	04/06/2014	44	1	3	3	3	1	2	3	3	1	2	6
373	6	2	5	5	5	1	1	1	2	3	3	5	2	5	4	3	4	4	2	3	4	3	2	3	2	2	3	4	2	5	1	1	1	1	1	4	1	1	3	4	4	4	4	14/8/1965	04/06/2014	49	2	3	3	3	1	1	2	2	1	1	1
374	2	5	5	5	5	2	1	2	2	4	3	3	3	4	3	4	4	5	5	5	3	3	3	2	3	4	1	4	3	1	1	1	1	2	1	2	1	3	4	5	3	5	1	NA	04/06/2014	NA	2	3	3	3	1	2	3	2	1	6	6
375	4	2	5	5	5	1	1	5	2	3	3	3	2	5	4	2	4	5	4	3	3	4	2	2	3	2	3	3	2	1	1	1	1	2	1	5	1	2	1	5	5	5	5	21/8/2014	04/06/2014	NA	1	4	70	6	1	2	3	3	1	5	2
376	6	3	5	5	5	1	1	2	2	3	3	5	2	4	4	4	5	4	4	4	3	3	3	2	4	3	2	4	1	5	2	1	2	2	2	4	2	2	3	5	5	4	5	6/7/1952	04/06/2014	62	2	4	3	3	1	1	3	3	1	6	1
377	4	4	5	5	5	2	1	1	2	5	5	3	3	5	4	2	4	5	4	5	4	5	4	2	5	3	5	3	3	1	1	1	1	2	2	4	3	4	5	5	2	5	4	27/5/1959	04/06/2014	55	2	4	14	6	1	2	3	3	1	1	7
378	4	5	5	5	5	1	1	1	2	5	4	4	3	5	4	4	4	4	4	4	4	4	3	3	3	3	3	3	2	4	2	1	5	3	2	4	3	1	4	5	3	5	4	20/2/1968	04/06/2014	46	2	4	3	3	1	1	2	3	1	6	3
379	5	5	5	5	5	2	1	2	2	4	3	3	3	5	3	4	4	4	3	4	5	3	3	2	4	3	5	4	2	1	1	1	3	2	1	4	1	3	2	4	3	5	3	17/3/1971	04/06/2014	43	1	4	3	3	1	2	3	3	1	6	2
380	5	4	5	5	5	1	1	2	2	4	4	4	2	5	4	3	5	5	3	1	1	4	2	2	3	3	4	4	1	2	1	1	2	2	2	4	2	3	4	5	4	5	4	26/9/1967	04/06/2014	47	1	4	3	3	2	2	3	2	1	2	3
381	4	1	5	5	5	1	1	2	2	2	2	3	1	5	4	4	4	4	4	4	4	3	4	2	4	2	2	2	2	2	1	2	3	2	1	5	1	5	2	5	4	5	3	4/1/1956	04/06/2014	58	1	5	3	3	1	2	3	2	1	6	1
382	5	5	5	5	5	4	1	1	2	4	2	3	2	4	2	3	4	2	2	3	3	2	2	1	3	2	2	4	2	3	1	1	2	2	2	4	2	3	4	3	2	5	4	1/1/1948	04/06/2014	66	2	5	3	3	1	1	3	2	1	1	1
383	4	5	5	5	5	1	1	2	2	3	2	3	3	5	4	4	5	3	4	4	2	2	2	2	3	3	1	5	3	5	1	1	2	3	2	4	2	3	4	5	4	5	3	17/6/1961	04/06/2014	53	2	3	3	3	1	1	3	3	1	1	1
384	6	2	5	5	4	1	1	2	1	2	3	3	1	4	2	5	4	3	2	4	4	3	1	3	2	3	1	4	1	5	1	1	4	3	2	3	1	4	3	1	2	5	4	16/5/1947	04/06/2014	67	2	4	3	3	1	1	2	3	1	2	1
385	5	5	5	5	5	2	1	2	2	4	4	4	3	5	4	4	4	4	2	3	3	3	2	2	3	2	2	4	2	5	1	1	3	3	2	4	1	4	3	5	NA	5	NA	14/2/1953	04/06/2014	61	2	3	32	3	1	2	3	3	2	2	1
386	3	4	3	5	4	4	1	4	2	4	3	4	3	5	3	3	4	5	5	4	4	4	4	3	3	4	2	4	3	1	1	1	3	2	2	4	3	4	4	4	3	5	3	18/5/1970	04/06/2014	44	1	3	3	3	1	1	3	2	1	1	1
387	6	5	5	5	5	4	1	2	2	5	4	3	2	5	4	2	4	5	5	4	3	4	2	1	4	1	5	3	3	2	1	1	3	2	2	5	1	3	4	5	5	5	5	27/4/1943	04/06/2014	71	1	5	3	3	1	2	3	3	1	2	6
388	6	4	5	5	5	1	1	1	2	5	3	3	3	5	4	4	4	5	4	3	4	3	4	1	5	3	3	4	2	1	1	1	2	2	1	4	2	1	2	5	5	5	5	29/12/1960	04/06/2014	53	2	3	3	3	1	2	3	3	1	3	3
389	4	2	4	5	5	1	1	2	2	4	4	4	2	5	2	4	4	4	3	3	3	4	3	3	5	4	2	4	1	4	2	1	2	2	2	4	1	4	1	2	1	5	5	6/8/1941	04/06/2014	73	1	3	3	3	1	1	3	2	1	5	1
390	6	2	5	5	5	1	1	2	2	4	3	5	3	5	5	4	4	4	4	4	3	3	4	1	4	3	2	3	2	2	1	1	1	2	2	5	1	4	3	4	4	5	4	26/4/1961	04/06/2014	53	2	3	3	3	1	1	3	2	1	1	2
391	6	2	5	5	5	1	1	2	2	2	2	5	2	5	5	5	5	4	2	5	4	2	1	3	4	5	5	5	1	4	1	1	2	3	2	3	2	4	5	4	3	5	2	11/9/1951	04/06/2014	63	2	4	3	3	1	1	3	3	1	7	3
392	5	5	5	5	5	1	1	1	2	4	5	3	1	5	1	1	4	5	1	1	1	5	1	1	4	1	5	4	2	2	1	1	1	2	2	5	5	2	4	5	4	5	4	5/8/1950	04/06/2014	64	1	5	3	3	1	3	3	3	1	3	6
393	4	3	5	5	5	1	1	2	2	4	2	4	1	5	3	4	3	3	2	5	5	1	1	2	4	4	1	3	3	1	1	1	3	2	2	4	1	4	3	5	4	3	4	22/7/1991	04/06/2014	23	2	4	32	3	1	1	2	3	1	1	8
394	6	3	4	5	5	1	1	2	2	4	4	4	3	5	3	3	4	5	4	3	3	3	3	2	4	3	3	4	3	1	1	1	3	2	2	4	2	2	3	4	4	4	4	22/12/1968	04/06/2014	45	2	5	3	3	1	2	3	3	1	1	1
395	4	5	4	5	5	4	1	2	2	4	3	4	2	5	3	4	5	5	5	3	3	3	3	2	4	3	2	4	3	1	1	2	1	2	2	3	3	2	4	4	5	5	4	16/3/1959	04/06/2014	55	1	5	3	3	1	2	3	3	1	3	2
396	4	2	4	4	5	4	1	2	2	3	4	3	3	4	4	4	3	3	2	2	5	4	4	3	4	3	2	2	3	1	1	1	5	1	2	4	1	3	4	4	4	3	4	13/4/1938	04/06/2014	76	2	3	3	3	1	2	3	3	1	1	6
397	6	3	5	4	5	1	1	1	2	4	2	3	1	4	1	3	5	5	4	3	3	2	4	3	2	2	2	5	2	3	1	1	2	2	2	4	2	3	3	4	5	3	4	25/2/1964	04/06/2014	50	2	4	3	3	1	1	2	3	1	3	3
398	6	5	5	5	5	1	1	8	2	5	2	4	2	5	5	3	4	5	5	3	2	2	3	2	4	2	2	4	2	2	1	1	4	2	1	4	1	2	4	5	5	5	5	19/4/1966	04/06/2014	48	2	3	3	3	2	2	3	3	1	1	1
399	6	4	5	5	5	2	1	2	2	2	2	4	1	5	1	5	4	4	4	4	2	3	4	4	4	4	4	3	2	3	1	1	5	3	1	5	1	4	4	5	3	5	5	20/8/1957	04/06/2014	57	1	4	3	3	1	2	3	3	1	3	2
400	3	1	4	3	4	2	1	7	2	5	5	1	1	5	1	1	1	5	5	1	1	5	3	1	4	1	1	3	2	2	1	1	5	2	1	4	1	1	4	5	4	5	4	9/9/1974	04/06/2014	40	1	4	3	3	1	3	3	3	1	6	2
401	5	5	5	5	5	1	1	2	2	5	5	5	3	5	4	4	4	5	4	4	4	5	3	3	3	3	3	3	3	1	1	1	3	1	1	5	1	3	4	3	5	5	5	12/12/1955	04/06/2014	59	1	3	3	3	1	1	3	3	1	1	2
402	4	5	5	5	5	1	1	5	2	5	5	5	5	5	5	5	5	5	5	5	5	5	5	1	5	4	4	4	2	1	1	1	1	2	2	4	1	3	4	5	5	5	5	NA	04/06/2014	NA	2	3	3	3	1	1	3	2	1	1	1
403	4	1	5	5	5	1	1	2	2	1	1	4	4	4	2	2	4	1	2	3	3	2	2	2	4	3	2	4	3	3	1	1	3	3	1	5	1	1	3	4	5	4	2	24/11/1954	04/06/2014	60	2	3	3	3	1	1	2	3	1	1	1
404	6	2	4	4	5	1	1	2	2	5	4	5	2	4	3	2	3	5	3	2	2	2	2	4	3	2	1	2	3	2	1	1	3	2	2	5	2	2	3	4	2	5	3	7/5/1944	04/06/2014	70	1	4	3	3	1	2	3	2	1	1	6
405	5	5	5	5	5	1	1	2	2	5	4	4	3	5	3	4	3	4	3	5	5	4	4	3	5	4	4	3	3	4	1	1	2	2	3	5	1	4	3	5	4	5	5	31/12/1950	04/06/2014	63	2	5	3	3	1	2	3	3	2	2	1
406	6	2	5	5	5	1	1	2	2	4	4	4	3	5	4	4	4	5	2	2	2	3	4	1	5	3	4	4	3	1	1	1	1	2	2	5	1	3	3	5	3	5	3	4/4/1947	04/06/2014	67	1	5	3	3	1	1	3	3	1	2	1
407	6	3	5	5	5	1	1	2	2	2	3	3	2	5	3	3	3	3	3	4	4	4	4	3	3	3	4	3	3	2	1	1	3	2	2	1	1	1	5	5	4	5	5	1/12/1941	04/06/2014	73	1	3	3	3	1	2	3	3	1	1	6
408	4	3	5	5	5	1	1	1	2	4	3	4	2	5	3	3	4	4	5	3	1	2	4	2	5	3	5	4	1	3	2	1	2	2	2	4	1	3	2	5	3	5	2	28/12/1966	04/06/2014	47	1	5	3	3	1	2	3	3	1	2	1
409	5	5	5	5	5	2	1	2	2	5	5	3	3	5	3	2	5	5	5	4	3	3	3	2	4	2	5	3	2	1	1	1	5	3	2	5	4	1	4	5	5	5	5	11/6/1958	04/06/2014	56	1	3	3	3	2	3	3	3	2	3	1
410	4	3	5	5	5	1	1	1	2	5	3	4	2	5	2	4	4	5	4	3	3	3	4	2	5	3	2	3	2	2	1	1	2	3	1	3	3	2	4	4	4	5	4	24/2/1972	04/06/2014	42	2	3	3	3	1	2	3	3	1	2	7
411	6	1	5	5	5	1	1	2	2	3	4	4	3	4	3	3	4	4	3	4	4	4	3	4	2	2	3	4	1	1	1	1	3	2	2	3	2	4	3	4	4	4	4	15/8/1932	04/06/2014	82	1	5	3	3	1	1	3	3	1	1	1
412	6	4	5	5	5	2	1	1	2	4	4	4	2	5	4	2	4	5	5	1	1	3	1	1	5	2	3	4	2	2	1	1	3	2	1	4	1	1	3	5	5	3	5	20/3/1981	04/06/2014	33	2	3	73	8	1	2	3	3	1	9	1
413	4	5	5	5	5	4	1	2	3	4	2	2	2	5	3	2	2	3	2	2	2	2	3	1	4	1	3	2	3	1	1	1	1	2	1	4	1	2	3	2	3	5	2	1/7/1952	04/06/2014	62	1	4	3	3	1	2	2	2	1	1	6
414	6	2	3	5	5	1	1	2	2	3	2	2	2	4	4	3	4	3	4	3	2	2	2	1	4	2	3	3	3	1	1	1	3	2	2	3	1	2	4	4	4	3	5	27/5/1959	04/06/2014	55	2	3	3	3	1	1	2	3	1	1	3
415	5	1	5	5	2	1	1	2	2	3	4	2	2	5	2	3	3	5	4	2	3	4	4	1	5	3	4	2	2	1	1	1	3	2	2	3	3	3	3	3	3	3	3	15/4/1950	04/06/2014	64	2	4	3	3	1	2	3	2	1	3	2
416	4	3	5	5	5	1	1	2	2	3	3	4	3	4	3	4	4	4	4	4	4	4	3	1	4	3	3	3	2	2	1	1	2	2	2	4	1	3	2	4	4	5	4	1/1/1971	04/06/2014	43	1	3	3	3	1	2	3	2	1	2	1
417	4	4	5	5	5	1	1	2	1	4	4	4	2	5	2	3	3	5	4	2	1	4	1	3	5	2	4	4	3	5	2	1	3	2	2	5	1	3	3	5	3	5	3	31/10/1974	04/06/2014	40	2	3	3	3	1	2	3	3	2	2	1
418	4	5	5	5	5	1	1	2	3	5	5	5	4	5	2	1	4	4	3	4	3	5	3	4	4	2	2	4	2	1	1	1	1	1	2	4	2	5	3	4	3	5	5	26/6/1990	04/06/2014	24	1	4	18	6	1	2	2	3	1	1	8
419	6	5	5	5	5	1	1	2	2	5	4	3	3	5	3	2	2	5	4	4	2	3	4	4	1	2	2	2	2	1	1	1	1	1	2	4	1	4	3	4	3	5	5	NA	04/06/2014	NA	1	3	18	6	2	2	3	3	1	1	2
420	5	3	4	5	5	1	1	2	2	2	3	5	3	3	2	1	2	3	4	2	2	1	1	4	3	1	2	4	2	3	1	1	1	2	2	3	2	3	4	2	3	5	2	14/11/1990	04/06/2014	24	1	5	54	2	1	1	2	2	1	6	8
421	4	3	4	5	5	2	1	1	2	5	5	2	2	5	4	4	4	3	2	4	4	4	3	3	3	2	2	3	2	1	1	1	1	2	1	1	3	1	3	1	1	4	4	21/8/1961	04/06/2014	53	1	3	18	6	2	2	2	2	1	1	3
422	3	5	3	5	5	1	1	2	2	3	3	3	3	5	3	4	4	5	3	3	4	5	3	4	3	2	2	4	2	1	1	1	3	2	1	4	2	3	3	3	3	4	4	NA	04/06/2014	NA	1	3	18	6	2	1	2	3	1	6	3
423	4	5	5	1	5	2	1	2	2	4	4	5	2	4	4	2	3	4	1	4	4	4	2	3	3	2	3	3	2	1	1	1	3	1	2	2	5	3	5	4	4	4	5	NA	04/06/2014	NA	1	4	83	6	1	2	3	3	2	6	8
424	4	2	4	5	5	1	1	8	2	4	2	5	2	5	3	4	4	5	2	4	2	2	4	4	3	3	4	4	3	3	1	1	4	2	2	4	2	4	3	5	4	5	4	17/9/1967	04/06/2014	47	2	3	3	3	1	2	3	2	1	1	7
425	3	1	5	5	5	2	1	2	2	1	4	4	4	4	1	1	3	4	1	4	4	2	2	4	2	1	1	3	2	1	1	1	1	2	1	3	3	2	4	1	1	3	5	18/2/1960	04/06/2014	54	1	2	18	6	1	1	2	2	1	1	1
426	6	2	5	5	5	1	1	2	2	4	4	4	3	5	3	4	4	4	1	4	4	4	4	2	2	3	4	3	3	1	1	1	1	3	2	2	3	1	5	5	3	5	5	10/4/1954	04/06/2014	60	2	4	17	7	1	1	2	2	1	1	1
427	6	2	5	3	5	1	1	2	2	4	3	5	4	4	5	4	5	3	2	4	2	4	5	3	3	4	2	4	1	1	1	1	1	3	1	5	1	3	2	5	1	5	3	10/6/1948	04/06/2014	66	1	4	68	6	1	1	1	1	1	4	1
428	4	5	5	5	5	1	1	2	2	2	2	4	2	5	4	3	4	5	4	4	5	3	5	2	4	2	5	3	2	2	1	1	1	2	2	5	2	3	4	5	5	5	5	12/12/1959	04/06/2014	55	1	4	3	3	1	3	3	3	1	1	1
429	4	2	3	5	5	1	1	8	2	3	3	4	3	5	4	4	3	5	4	4	2	3	2	2	3	3	4	4	1	4	2	1	1	2	2	4	2	4	4	4	4	4	4	NA	04/06/2014	NA	1	4	3	3	1	2	3	3	1	6	1
430	6	4	4	5	5	1	1	2	3	5	3	4	3	5	4	3	3	5	4	3	1	2	3	2	4	2	2	1	3	5	1	1	1	2	2	5	1	2	2	5	1	5	1	1/1/1948	04/06/2014	66	1	5	3	3	1	1	3	2	1	3	1
431	6	1	5	5	5	1	1	1	2	3	1	5	1	5	1	5	5	3	4	3	3	4	4	2	3	4	1	4	3	2	1	1	2	3	2	5	1	1	1	5	5	5	5	23/5/1947	04/06/2014	67	2	4	3	3	1	1	2	1	1	1	6
432	6	3	5	5	5	1	1	2	2	3	4	4	3	5	4	3	4	4	3	4	3	4	5	2	3	2	4	5	1	3	1	1	2	3	2	5	2	4	3	5	5	5	5	16/8/1952	04/06/2014	62	1	5	3	3	1	3	3	3	1	1	6
433	3	5	5	5	5	1	4	2	2	4	3	3	2	5	4	4	4	4	4	4	2	3	3	1	3	3	4	4	2	1	1	1	3	2	1	4	4	3	3	5	3	4	5	19/4/1956	04/06/2014	58	1	5	3	3	1	3	3	3	1	2	1
434	6	5	5	5	5	1	3	2	2	3	3	4	3	5	5	4	4	4	3	4	4	3	4	2	4	3	3	4	3	1	1	1	3	2	2	4	1	2	3	5	5	5	4	NA	04/06/2014	NA	2	4	3	3	1	1	3	2	2	7	6
